0.100000 4.284050022553022e+03 -1.558920060468252e+05
0.200000 -4.405595695796033e+03 4.098343943835257e+04
0.300000 4.164601883372475e+03 3.666778791341491e+04
0.400000 4.381149365862197e+01 -5.186367981818408e+04
0.500000 -1.817086581137991e+02 2.011991433104052e+04
0.600000 1.517145286714831e+03 2.852094858836119e+04
0.700000 4.815324879438938e+03 1.153192454473369e+04
0.800000 2.241471753740736e+03 -4.506695600330916e+04
0.900000 -4.112258421927179e+02 -3.433671858105366e+02
1.000000 9.486169603509012e+02 1.329387916401613e+04
1.100000 7.701352646887240e+02 -1.145656989204790e+04
1.200000 1.873441720982042e+03 4.674834700534955e+04
1.300000 6.709637632278458e+03 1.383465369659234e+04
1.400000 4.033234565750387e+03 -3.653289637040516e+04
1.500000 2.363612298454884e+03 -7.662016519122698e+03
1.600000 8.151752772977513e+02 -2.199174226881906e+04
1.700000 -2.215264036415030e+03 -4.177568647565522e+04
1.800000 -5.948008636135828e+03 -1.513216355257646e+04
1.900000 -3.424572249522338e+03 5.907769115300371e+04
2.000000 2.108637002791479e+03 3.088139484883831e+04
2.100000 2.285720820482037e+03 -1.345988101688816e+04
2.200000 6.521091246688962e+02 -2.395053696732780e+04
2.300000 -2.462770396633269e+03 -3.110169537449510e+04
2.400000 -5.001059598819327e+03 -2.127540746742965e+04
2.500000 -5.627375693649748e+03 1.980714358655999e+04
2.600000 -8.471901932068162e+02 6.451816190197467e+04
2.700000 4.900922023815172e+03 4.463792719204163e+04
2.800000 8.665398585352061e+03 3.497664963448379e+04
2.900000 9.539412421228042e+03 -3.814164318590402e+04
3.000000 1.956263285584234e+03 -8.246254929149836e+04
3.100000 -1.967690104238210e+03 9.345657873422926e+03
3.200000 1.243129133303171e+03 3.158248639335258e+04
3.300000 1.106702665865849e+03 -3.399270501685909e+04
3.400000 -1.233342953385455e+03 1.655774616311174e+04
3.500000 4.450794791831938e+03 6.521502823039982e+04
3.600000 5.348692154895553e+03 -5.884992264812466e+04
3.700000 -2.299745767914346e+03 -4.990743712770248e+04
3.800000 -2.900838321784160e+03 1.089473164991058e+04
3.900000 -2.330425719938662e+03 1.168452422314776e+04
4.000000 -1.232122171111191e+03 -1.078732304004483e+04
4.100000 -5.749729306956222e+03 -6.220488707216406e+04
4.200000 -8.638971184382801e+03 1.803958642875241e+04
4.300000 -6.721822915095147e+03 -1.771519196036143e+04
4.400000 -8.857427591348523e+03 3.078459850671584e+04
4.500000 -1.933455979293328e+03 4.356421103412733e+04
4.600000 -1.871458039817461e+03 1.066154133927500e+04
4.700000 3.304002567280049e+03 5.915367759650188e+04
4.800000 7.909695792221345e+03 5.197401116996961e+04
4.900000 1.134379949664906e+04 -2.179160782706875e+04
5.000000 4.831284596409607e+03 -5.732449606665836e+04
5.100000 4.076102454790093e+03 1.760444277357016e+04
5.200000 2.725620625977317e+03 -5.274325862125129e+04
5.300000 -2.258147939962918e+03 -1.126935038966022e+04
5.400000 2.195829642575302e+03 7.476921801935275e+04
5.500000 5.825846505672023e+03 -2.391055056354460e+04
5.600000 1.656905062402896e+02 -5.334698904207125e+04
5.700000 -3.290697371514222e+03 -3.430930557079149e+04
5.800000 -5.356350181815944e+03 2.396738843738431e+04
5.900000 1.517957967168762e+03 7.577956300435233e+04
6.000000 3.218984583363121e+03 -4.973496790023220e+04
6.100000 -4.519990697189314e+03 -7.098207037662306e+04
6.200000 -7.439978587464872e+03 1.064993219548448e+04
6.300000 -2.826107558730042e+03 7.856314846725321e+04
6.400000 3.591614931068982e+03 1.530449925680546e+04
6.500000 -3.165463356667360e+02 -6.303196887855086e+04
6.600000 -4.367197315616349e+03 -1.613787732682303e+04
6.700000 -5.732035509660713e+03 -2.148789355165450e+04
6.800000 -6.759304464885460e+03 2.202127070413102e+04
6.900000 -2.090202558823856e+03 4.352832968532293e+04
7.000000 -6.943345238607701e+02 -5.757713614988766e+03
7.100000 -6.071042099121737e+02 1.449718550242727e+04
7.200000 2.059011426978756e+03 3.178940205267891e+04
7.300000 4.056814270368848e+03 6.857344653938429e+03
7.400000 6.968432068460650e+03 6.753696382926460e+04
7.500000 9.695720479216239e+03 -7.971589039551622e+04
7.600000 -4.528315343549376e+03 -1.048200596058204e+05
7.700000 -4.322928640294153e+03 5.639106010239823e+04
7.800000 -2.418595980744112e+03 -2.164340443951271e+04
7.900000 -3.981593952931267e+03 1.694994861115174e+04
8.000000 3.086664294267704e+02 3.893495839161182e+04
8.100000 2.243961090042654e+02 -3.367062864262203e+04
8.200000 -2.060337939324307e+03 7.581764450124489e+03
8.300000 -2.012291960441763e+02 3.928013855705947e+02
8.400000 -2.227562684820590e+03 -1.373201165308081e+04
8.500000 -9.296974372520264e+02 2.633511441087026e+04
8.600000 1.733343019134574e+03 2.925512126476505e+04
8.700000 2.267953106144038e+03 -3.819923531979771e+04
8.800000 -2.097558304796986e+03 -3.313357490080630e+03
8.900000 1.523398547929404e+03 2.753269584726886e+04
9.000000 -1.614366871343879e+03 -7.290627426493517e+04
9.100000 -6.761587376399788e+03 -7.129572370175662e+03
9.200000 -4.293733867276256e+03 3.234450828280276e+04
9.300000 -2.790029141845301e+02 6.782142504787735e+04
9.400000 7.179602026856334e+03 4.117123399736177e+04
9.500000 4.583270558384982e+03 -7.658293626845155e+04
9.600000 -4.179646307328724e+03 -8.500554609160931e+04
9.700000 -9.125825454887794e+03 4.379188992645530e+03
9.800000 -2.371636717797055e+03 1.143822933507252e+05
9.900000 6.600001477188464e+03 2.860237472284495e+04
10.000000 4.348240540511360e+03 -3.243866322884650e+04
10.100000 4.712488771515286e+03 2.918403660511618e+04
10.200000 5.323524378829678e+03 -3.487551277910064e+04
10.300000 3.493334510144051e+02 -2.947169660343142e+04
10.400000 2.048200716672659e+03 4.512201516330081e+04
10.500000 3.922878160214002e+03 -2.760348441142616e+04
10.600000 -2.913012250478392e+03 -8.427725847805546e+04
10.700000 -7.030206334965542e+03 1.975452106664582e+04
10.800000 -1.929022839557759e+03 4.584666595133500e+04
10.900000 -3.221129829951520e+02 2.745648007393605e+03
11.000000 8.521670649688958e+02 1.569855152249198e+04
11.100000 6.479076503556015e+02 -2.664229234473451e+04
11.200000 -2.976041155517757e+03 -2.797891278756410e+04
11.300000 -3.062864045187823e+03 2.379337628399106e+04
11.400000 7.796154355571578e+02 4.596808079376210e+04
11.500000 2.887354748778492e+03 -2.163826010121397e+04
11.600000 -2.392261485405767e+03 -5.764905986417064e+04
11.700000 -5.712483914136792e+03 -1.038220770216364e+04
11.800000 -4.083271395809364e+03 4.833836010333326e+04
11.900000 1.673716805948928e+03 4.275530988250536e+04
12.000000 3.396123969492353e+03 8.136269143070971e+03
12.100000 6.018911208838364e+03 4.645883384993200e+04
12.200000 1.170112140791656e+04 5.691698104163634e+04
12.300000 1.420484394263941e+04 -2.136777273376310e+04
12.400000 8.462233516434231e+03 -7.075276266382971e+04
12.500000 3.413042538210252e+03 -2.619289051711549e+04
12.600000 2.842264587240915e+03 1.049905604558723e+04
12.700000 4.371520122002002e+03 1.504426330914976e+04
12.800000 5.772561651131040e+03 1.243456969289806e+04
12.900000 4.132809368319144e+03 -6.186588363687412e+04
13.000000 -3.497870985313584e+03 -5.018068272518110e+04
13.100000 -3.198225539398254e+03 3.579939427155924e+04
13.200000 5.246917841639790e+01 2.569713617279651e+04
13.300000 2.266456658066119e+03 1.753051842830892e+04
13.400000 1.877171542246322e+03 -3.131480976576790e+04
13.500000 -7.643368185913178e+01 2.168667766923011e+04
13.600000 2.725598422846419e+03 -1.635549790925857e+04
13.700000 -2.765176204240877e+03 -3.679144786210904e+04
13.800000 -8.194228630118346e+01 6.117474417343185e+04
13.900000 2.871736501913316e+03 -1.511336702372241e+04
14.000000 -1.027597094792352e+03 -4.085585331045764e+04
14.100000 -3.870853976493517e+03 -2.212878386775905e+04
14.200000 -4.050782969538690e+03 3.387022412998524e+04
14.300000 3.725945198949356e+02 2.068942451400759e+04
14.400000 -5.353551095794538e+02 -1.081924861615088e+04
14.500000 -1.511556989771695e+02 1.000246439007677e+03
14.600000 -1.404465010282932e+03 -1.329047171568919e+04
14.700000 -1.693362181017086e+03 2.294253741985553e+03
14.800000 -5.937591771956114e+02 2.830993274504449e+04
14.900000 3.158292338791516e+03 2.789833825880452e+04
15.000000 1.785140667629167e+03 -5.486493767787368e+04
15.100000 -2.184379805978727e+03 1.174459059478675e+04
15.200000 2.260359614195041e+03 3.342967098564758e+04
15.300000 4.083862616029884e+03 3.816360362800457e+04
15.400000 7.826483660587348e+03 -1.291803651521438e+04
15.500000 2.915587199274621e+03 -2.578455281551938e+04
15.600000 3.841330806964294e+03 -7.783730845283782e+03
15.700000 -1.195850717718127e+03 -5.469925992970824e+04
15.800000 -3.643176090648907e+03 -9.978542378334112e+03
15.900000 -3.721780819258088e+03 2.363296225707733e+04
16.000000 1.690525867059066e+02 2.751230552083432e+04
16.100000 -8.687056842699783e+02 -3.848250039257927e+04
16.200000 -3.990060035700675e+03 -1.055226023220673e+04
16.300000 -3.511520937249853e+03 6.207569045983560e+03
16.400000 -3.469255529815982e+03 4.762052500288355e+03
16.500000 -6.749655316349127e+02 4.941760496163757e+04
16.600000 2.315564093238628e+03 -1.643881973056343e+04
16.700000 -3.341950197339139e+03 -6.328520000411256e+04
16.800000 -4.969589887107109e+03 3.224847010459835e+04
16.900000 -2.483348747431796e+03 -1.664146537777525e+04
17.000000 -5.484169156058413e+03 5.447155244973732e+03
17.100000 -1.037096490632989e+03 3.948870670806207e+04
17.200000 9.990619906252854e+02 3.576973142568684e+04
17.300000 6.703964756911869e+03 3.972901776748353e+04
17.400000 3.834306787899951e+03 -8.945584473420602e+04
17.500000 -5.155837530929423e+03 -5.407958671798321e+04
17.600000 -3.929467434956759e+03 6.510319854524273e+04
17.700000 1.192926572568783e+03 5.253485887004120e+03
17.800000 -1.143448845117949e+03 -1.238236754819167e+04
17.900000 6.629967052892121e+02 2.055891898269718e+04
18.000000 -1.451629289540027e+03 -6.006249334577262e+04
18.100000 -6.234475599138123e+03 -4.036086298323956e+03
18.200000 -1.805619374486480e+03 6.506859989343617e+04
18.300000 1.923182236544322e+03 1.678240556962599e+03
18.400000 -1.786985751132412e+02 -3.068565678311636e+04
18.500000 -2.976251575304436e+03 -2.431271045123302e+04
18.600000 -3.121634128295426e+03 3.316332142848369e+04
18.700000 9.086203211385582e+02 1.634549608350731e+04
18.800000 -2.490202040132445e+02 -1.202611715946913e+04
18.900000 8.413208267213761e+02 2.312824018773026e+04
19.000000 3.547605360678063e+03 3.405549528438113e+04
19.100000 4.355210014893350e+03 -4.493091268805307e+04
19.200000 -3.233502514649226e+03 -6.104660804712767e+04
19.300000 -3.357495353417858e+03 4.358618238462805e+04
19.400000 2.410460594230238e+02 8.302974496796920e+03
19.500000 -1.910041962554293e+03 -3.641096422507631e+04
19.600000 -4.373612380747720e+03 -6.784178762965465e+03
19.700000 -3.023723635984038e+03 2.940813317714280e+04
19.800000 -1.103241977003082e+03 -2.528807430974131e+03
19.900000 -6.060691765977301e+02 3.799565674620333e+04
20.000000 2.465893753114783e+03 -2.801053241348367e+04
20.100000 -5.124832497546153e+03 -6.358622048985744e+04
20.200000 -5.829909976825104e+03 2.086354359062617e+04
20.300000 -3.933207898768008e+03 3.025780390028783e+04
20.400000 1.469758204287020e+03 6.356100870864210e+04
20.500000 3.711243508120437e+03 -3.682930587078178e+04
20.600000 -2.070192674155012e+03 -3.481949855049240e+04
20.700000 -1.000644624163661e+03 2.984984396864108e+04
20.800000 1.533542400379508e+02 -5.772359274953509e+03
20.900000 -1.574027572975863e+03 -3.036218955628137e+04
21.000000 -5.827664508724159e+03 -4.544887015848019e+04
21.100000 -6.136416576745635e+03 5.850866000509862e+04
21.200000 8.265223865560662e+02 2.605346350644993e+04
21.300000 -2.711267000443645e+03 -5.669732156076469e+04
21.400000 -5.910357240677858e+03 -1.273436926661196e+04
21.500000 -4.350399880529766e+03 5.807913396346176e+04
21.600000 2.322272532358546e+03 3.370885286688976e+04
21.700000 6.139567903368447e+02 -3.928601757776844e+04
21.800000 -1.747356961082629e+03 -1.034259656311033e+04
21.900000 -2.070648798920268e+03 6.448169630905103e+03
22.000000 -4.476444919110173e+02 2.188792107482545e+04
22.100000 1.726074691664601e+03 1.899051428562204e+04
22.200000 1.569199818995058e+03 -3.147639190878572e+04
22.300000 -2.449773311915610e+03 -2.105594099573629e+04
22.400000 6.399142891157792e+02 7.570897662926561e+04
22.500000 7.021551396889813e+03 2.078545902212017e+04
22.600000 5.773171766619999e+03 -1.242258252483707e+04
22.700000 6.062483894413424e+03 -3.989002110817090e+03
22.800000 3.424511889993029e+03 -3.283028087822548e+04
22.900000 2.482062884217245e+03 1.775876482434048e+04
23.000000 5.884297010554677e+03 3.655304703478043e+04
23.100000 5.595244574474171e+03 -5.835080208223983e+04
23.200000 -2.461217580403700e+03 -6.197348310329217e+04
23.300000 -3.448976852355222e+03 2.501622807704581e+04
23.400000 -2.384955456038978e+03 -1.517757482676092e+04
23.500000 -2.549495627983379e+03 4.410130723808554e+04
23.600000 3.891360744133883e+03 3.400703188888783e+04
23.700000 1.145848174563464e+03 -5.736903797367458e+04
23.800000 -1.371982067420991e+03 1.399503998977255e+04
23.900000 -1.803873395417470e+02 -1.901466117605268e+04
24.000000 -3.642148960045812e+03 -1.149673558254303e+04
24.100000 2.668701652239718e+02 6.834841422581578e+04
24.200000 5.379618433339153e+03 2.332070658508533e+04
24.300000 5.254346241272029e+03 -1.678354806078594e+04
24.400000 3.658351944679814e+03 -9.593336063595376e+03
24.500000 4.214764651745594e+03 1.921560422373882e+04
24.600000 3.836430111699343e+03 -5.034419746976429e+04
24.700000 -4.037822128878086e+03 -6.863979383636135e+04
24.800000 -5.551353977629249e+03 3.056061256899535e+04
24.900000 -2.068885403889411e+03 1.730944895012773e+04
25.000000 -4.312222841657493e+03 -5.503155021536700e+04
25.100000 -7.054233917963189e+03 3.120552046521073e+04
25.200000 -2.373847900167261e+03 6.333543682671136e+03
25.300000 -5.504524750763632e+03 -1.332012640255026e+04
25.400000 -2.510262281788707e+03 3.695003312310559e+04
25.500000 1.229468942673030e+03 6.852777737399546e+04
25.600000 8.262981771844063e+03 1.840367525362646e+04
25.700000 5.432978851852086e+03 -1.521239112909773e+04
25.800000 9.364803028831566e+03 5.771557789071095e+04
25.900000 1.006214015837114e+04 -5.106635532767337e+04
26.000000 2.796200750748587e+03 -6.314280595977926e+04
26.100000 1.097707289163847e+03 2.563505537546383e+04
26.200000 3.495434823316712e+03 -4.761430667150189e+03
26.300000 -5.303992973826794e+02 -5.534708365639916e+04
26.400000 -4.120671473213443e+03 -9.986939175337793e+03
26.500000 -1.848276802243243e+03 5.537772901619270e+04
26.600000 4.258789577299509e+03 4.233162215367936e+04
26.700000 3.254849837843570e+03 -6.155180683147463e+04
26.800000 -3.565533730468218e+03 -4.405389258953944e+04
26.900000 -4.507257485025021e+03 6.709865170601070e+03
27.000000 -3.414765387558240e+03 2.638436226151437e+04
27.100000 1.226271479490333e+03 5.206374763778313e+04
27.200000 3.107753483436282e+03 -2.499910673554189e+04
27.300000 -4.505074643241948e+02 -1.483691640731944e+04
27.400000 2.337383953959586e+02 -3.052124673500571e+02
27.500000 -2.467940520336786e+03 -3.663310949100413e+04
27.600000 -4.499539924036823e+03 -5.717395442873034e+03
27.700000 -5.114006004952717e+03 -1.060413826838761e+04
27.800000 -4.805150111999663e+03 3.084458576343146e+04
27.900000 -4.881623069582494e+02 2.938310355757556e+04
28.000000 -7.698037586074606e+02 -1.886970519382352e+04
28.100000 4.823600360678134e+02 5.746388740568877e+04
28.200000 7.025152972277984e+03 3.331051771094681e+04
28.300000 4.040109797346461e+03 -7.356882712034004e+04
28.400000 -1.229146903437308e+03 -4.988307749925776e+03
28.500000 3.082970172895413e+03 6.458181253399792e+04
28.600000 5.244607507897937e+03 -3.801691241546899e+04
28.700000 5.943573150791340e+02 -6.105494269046468e+03
28.800000 4.675738289482667e+03 4.465808302001416e+04
28.900000 4.913192844006046e+03 -2.721310214720667e+04
29.000000 2.744580890996524e+03 -8.716626464527862e+03
29.100000 2.482505599603962e+03 -3.478919474775050e+03
29.200000 2.909714882417813e+03 2.498703325608255e+04
29.300000 7.653989554823354e+03 5.339804215344497e+04
29.400000 8.859833130451956e+03 -4.682016849991121e+04
29.500000 1.415247078431587e+02 -9.512026688405692e+04
29.600000 -5.095478973967546e+03 -6.570185575337839e+03
29.700000 -5.736888808444691e+03 -3.451119222225607e+04
29.800000 -9.185123058085739e+03 9.415785665591258e+03
29.900000 -3.953573437585417e+03 4.929640187587454e+04
30.000000 -3.211648430285751e+03 -1.343790673405293e+04
30.100000 -2.745862784464704e+03 2.181243129348855e+04
30.200000 -2.539405332966725e+03 -3.520239080524434e+04
30.300000 -6.046547813412676e+03 7.203698643756277e+03
30.400000 -6.783269237688962e+02 5.869988236369217e+04
30.500000 1.069021351832751e+02 -3.501387171974810e+04
30.600000 -7.054405733639106e+02 5.249786705541996e+04
30.700000 6.731785275870550e+03 3.793017962934873e+04
30.800000 3.984311461905072e+03 -5.380962404374100e+04
30.900000 2.399030152111877e+03 2.521011635996523e+04
31.000000 6.027244351785321e+03 2.754630848747467e+04
31.100000 6.362811281202289e+03 -1.593390971743295e+04
31.200000 3.839618895793986e+03 -3.077217259580261e+04
31.300000 2.324329961556330e+03 1.275265428370736e+04
31.400000 5.060579259708808e+03 1.855580968558642e+04
31.500000 3.334482126555382e+03 -4.905211311657364e+04
31.600000 -2.167459863636956e+03 -4.540319247040161e+04
31.700000 -3.362254086898607e+03 2.436999971977542e+04
31.800000 3.615720828178073e+01 2.020063237937955e+04
31.900000 -1.478775836229774e+03 -4.295566820193213e+04
32.000000 -5.257241983711127e+03 -1.736114470187778e+04
32.100000 -4.884069526395670e+03 1.408705402143083e+04
32.200000 -2.743237236583492e+03 3.460231931140235e+04
32.300000 1.475601483110833e+02 3.258735730700182e+03
32.400000 -1.326312613443004e+03 -5.021157539340124e+03
32.500000 2.405246785169054e+03 7.465430882720342e+04
32.600000 1.073698176751989e+04 7.390918841368110e+04
32.700000 1.316249857705394e+04 -3.913780914049521e+04
32.800000 5.291610049905694e+03 -8.689224050822640e+04
32.900000 -8.709615149431102e+02 -4.049582490900788e+04
33.000000 -4.016856324449741e+03 -2.296878018055694e+04
33.100000 -4.839949788180098e+03 1.389318560404203e+04
33.200000 1.384992387827103e+03 1.146753346317041e+05
33.300000 1.056089625226482e+04 1.169240381118102e+04
33.400000 5.106146964518284e+03 -5.425544563696787e+04
33.500000 5.983624222859706e+03 4.524703789241662e+04
33.600000 6.121336290216267e+03 -6.606022646843096e+04
33.700000 -4.020281047956320e+03 -9.125363213237158e+04
33.800000 -6.163996012152911e+03 4.494205855074702e+04
33.900000 -1.513133747486569e+03 9.060999002080636e+03
34.000000 -4.142068016907910e+03 -2.270374161465187e+04
34.100000 -9.926384517294912e+02 7.737758509040205e+04
34.200000 4.384876294348854e+03 -6.207035184656710e+03
34.300000 -3.897728276599731e+02 -4.466121656694340e+04
34.400000 -2.061874858521483e+03 -1.281504785385563e+04
34.500000 -3.927869788052641e+03 -5.300275922094357e+03
34.600000 -3.345660029957795e+03 -4.576298157525456e+03
34.700000 -4.160502821657304e+03 1.622533830306885e+04
34.800000 7.712200165676336e+02 5.613733129732302e+04
34.900000 2.563434725901347e+03 -2.315366475480679e+04
35.000000 -3.975175597335882e+02 -1.097518243012226e+04
35.100000 1.352802118942657e+03 2.899712384635106e+04
35.200000 2.292199171623564e+03 -1.297257301594596e+04
35.300000 1.241178733891777e+03 1.073069857148954e+04
35.400000 4.940531355955977e+03 4.533237187773504e+04
35.500000 5.493601148961756e+03 -4.737195630403716e+04
35.600000 -3.375741108842066e+02 -3.156872645875677e+04
35.700000 -1.892815639493074e+03 -3.778881548776673e+04
35.800000 -6.180540109485390e+03 3.121673487690123e+03
35.900000 -3.733747134116433e+02 6.622536332515889e+04
36.000000 3.308157016742980e+03 2.819505192107406e+04
36.100000 6.401693617750256e+03 1.175400137568840e+04
36.200000 1.995197360787943e+03 -9.513754340604633e+04
36.300000 -5.328277082934934e+03 -5.709621964985357e+03
36.400000 -7.511551269055925e+00 6.296016945659529e+04
36.500000 2.400115341852822e+03 2.594011757188377e+02
36.600000 3.609182866968516e+03 2.636758749453740e+04
36.700000 4.684176437902518e+03 -2.496265120128182e+04
36.800000 -8.048883071003283e+02 -5.877473319815739e+04
36.900000 -2.749983632925710e+03 2.532083062968732e+04
37.000000 2.049849821067676e+03 4.840545073620448e+04
37.100000 2.919294811205796e+03 -3.748584359815943e+04
37.200000 -1.438595843443984e+03 -1.674083296253370e+04
37.300000 -7.701150522816511e+01 1.489055886246540e+04
37.400000 -1.601061678190248e+03 -3.673180526078815e+04
37.500000 -4.562356241792537e+03 -1.031791754123148e+04
37.600000 -1.654009258575166e+03 6.870826678375639e+04
37.700000 3.917070662718220e+03 7.934317466495657e+03
37.800000 2.657965325871564e+03 1.662460193440358e+04
37.900000 7.595724923567861e+03 3.188972857170479e+04
38.000000 3.730621480483786e+03 -9.279852406986651e+04
38.100000 -5.566614760473196e+03 -6.999062153043601e+04
38.200000 -6.616759896302967e+03 5.379510047464402e+04
38.300000 -6.518743461750183e+02 1.550965403241524e+04
38.400000 -6.730574519072933e+03 -1.068625451368741e+05
38.500000 -1.221754759230425e+04 3.665306363248329e+04
38.600000 -1.131527927319666e+03 1.343271946563170e+05
38.700000 6.367996327798169e+03 1.824088293420826e+03
38.800000 7.785991456625904e+02 -9.090760896570890e+04
38.900000 -5.903308230458190e+03 -1.517661437065491e+04
39.000000 -6.644814628115005e+02 1.004407191858737e+05
39.100000 5.201947775871050e+03 -2.787113738787169e+04
39.200000 -3.565563903200204e+03 -8.351846085886158e+04
39.300000 -3.849596929071062e+03 6.683731034289421e+04
39.400000 2.211179425003511e+03 1.666789258816256e+04
39.500000 -3.683623704580875e+02 -3.542041341960835e+04
39.600000 -1.720414800013639e+03 -5.270354995101084e+02
39.700000 -1.112621198069130e+03 2.229936508784077e+04
39.800000 3.829029904862765e+03 6.802681719290724e+04
39.900000 7.566388993070809e+03 -1.987208579160606e+04
40.000000 1.061886280662251e+03 -7.373201133076951e+04
40.100000 -1.733620750719483e+03 2.297155500982432e+04
40.200000 3.995240966533305e+03 7.600541215265344e+04
40.300000 9.771728152585461e+03 2.158533468545638e+04
40.400000 6.252565691409889e+03 -8.889590063188727e+04
40.500000 -3.457563435723317e+03 -6.998571560178034e+04
40.600000 -3.332610940044145e+03 6.849554389316744e+04
40.700000 3.612078713541847e+03 2.731038255963633e+04
40.800000 1.158805244453344e+03 -4.211828493671256e+04
40.900000 6.043568326267218e+02 3.049583946416627e+04
41.000000 1.881521709031912e+03 -3.480481869274820e+04
41.100000 -3.110930004104004e+03 -1.482729642163964e+04
41.200000 6.921634810682979e+02 5.087869301781342e+04
41.300000 -5.918343223224662e+04 -3.053883575313069e+06
41.400000 -1.531213529020243e+06 -2.822770990591407e+07
41.500000 -3.011531266534262e+06 1.779489172523648e+07
41.600000 3.009953291213311e+05 1.855300433032868e+07
41.700000 5.987765008171928e+02 -7.730858176475783e+05
41.800000 1.318964851057690e+06 9.736411028322589e+06
41.900000 5.649206795830319e+05 -1.448866881139473e+07
42.000000 -2.347896310438823e+04 1.586725085298092e+06
42.100000 1.765797279896704e+05 2.008289089752767e+05
42.200000 2.846319075708376e+04 -1.671988006798238e+06
42.300000 -1.781643894034097e+04 2.850177825976653e+05
42.400000 -1.814646644083116e+03 1.760174050008833e+04
42.500000 -3.971346033948455e+02 1.427853309435235e+04
42.600000 -3.422290526009098e+02 -2.049896211325980e+03
42.700000 2.107240130043172e+02 5.818025075602496e+03
42.800000 1.338069833528626e+02 -3.467113400024982e+03
42.900000 -1.420010897204156e+02 -4.051244528387846e+03
43.000000 -4.938198528673833e+02 1.000995009706544e+03
43.100000 1.190266032958837e+02 7.284903350734699e+03
43.200000 4.541094355025828e+02 -1.447175059914795e+02
43.300000 3.277617927339479e+02 -1.562803408999863e+03
43.400000 2.057739774991839e+02 -8.769518620161424e+02
43.500000 1.483030830658168e+02 -2.803798017465953e+02
43.600000 1.178197628626085e+02 -5.975345875979581e+02
43.700000 1.379745543207904e+01 -1.270806169138549e+03
43.800000 -6.143625613738183e+01 3.174438779907413e+01
43.900000 -4.217929971448909e+01 -2.879964793472763e+02
44.000000 -1.124352009927519e+02 -4.698519125610283e+02
44.100000 -1.070452233300754e+02 1.277630840772497e+02
44.200000 -1.160999465815419e+02 -2.159621175117469e+01
44.300000 -9.271916653825490e+01 2.739180267828517e+02
44.400000 -8.580886118889605e+01 -5.416160812114484e+01
44.500000 -8.171611005670209e+01 1.753488249262211e+02
44.600000 -6.230356375805984e+01 1.066715852612304e+02
44.700000 -6.575275784803019e+01 -1.112307276265207e+02
44.800000 -7.230404169324939e+01 3.683530205885489e+00
44.900000 -6.521384777111935e+01 1.215203429635499e+02
45.000000 -5.367988389691525e+01 8.332445390020257e+01
45.100000 -4.686918349128588e+01 8.493812127807857e+01
45.200000 -3.647409968490519e+01 9.281168243219059e+01
45.300000 -3.008790009718184e+01 5.221359774279973e+01
45.400000 -2.553156811299393e+01 2.321729728032645e+01
45.500000 -2.531874590006973e+01 9.986206880400363e-01
45.600000 -2.337451148544471e+01 3.088552639346833e+01
45.700000 -2.083014510867747e+01 1.662008452769941e+01
45.800000 -1.986078472576100e+01 8.091190199278625e+00
45.900000 -1.715234481482979e+01 5.386460317619925e+01
46.000000 -1.150637792355844e+01 3.480086517089725e+01
46.100000 -1.056674453994078e+01 3.496095756622067e+00
46.200000 -9.763887708073653e+00 1.318524596963593e+00
46.300000 -9.842297595631019e+00 1.303641162467703e+01
46.400000 -7.306458424718049e+00 2.055076661262234e+01
46.500000 -6.153305958477878e+00 1.688573631638745e+01
46.600000 -3.439201948066367e+00 2.508513907918969e+01
46.700000 -2.046325561160808e+00 9.398283555956485e+00
46.800000 -1.043216907556527e+00 7.097811996492396e+00
46.900000 -3.959009939443218e-01 1.193358950432683e+01
47.000000 1.349439069222895e+00 1.647490405763742e+01
47.100000 2.359894738919244e+00 6.733195144791468e+00
47.200000 3.184384008787081e+00 9.500031571302488e+00
47.300000 4.032418961787620e+00 7.215672155672019e+00
47.400000 5.067764650882708e+00 1.603085294151203e+01
47.500000 6.643844465061608e+00 9.117252602592945e+00
47.600000 7.018676127836386e+00 5.234988163452261e+00
47.700000 7.907752616387729e+00 7.356208550950424e+00
47.800000 8.341750884536506e+00 5.803325624250039e+00
47.900000 9.187530643906920e+00 7.098511846733131e+00
48.000000 9.576672880044161e+00 3.711641666245573e+00
48.100000 1.013333892397038e+01 5.493173144726505e+00
48.200000 1.051584794858248e+01 3.453507859611179e+00
48.300000 1.106831573516165e+01 7.684961760931062e+00
48.400000 1.184032049337920e+01 6.396118314698947e+00
48.500000 1.237786721280863e+01 5.671756942020347e+00
48.600000 1.298174144030645e+01 5.198410503202391e+00
48.700000 1.341840961854830e+01 4.736498433238105e+00
48.800000 1.391301918569934e+01 3.800286203053242e+00
48.900000 1.415709535737431e+01 2.353512026339126e+00
49.000000 1.446282596039989e+01 3.039523563945401e+00
49.100000 1.474526662251619e+01 3.342891435079990e+00
49.200000 1.517625887907089e+01 4.732285819170292e+00
49.300000 1.559387729473040e+01 3.504165500671405e+00
49.400000 1.590231862801722e+01 2.886101529238494e+00
49.500000 1.620034828362688e+01 3.088071990674838e+00
49.600000 1.649931100112998e+01 2.774939027279218e+00
49.700000 1.676836067693502e+01 2.716384311935575e+00
49.800000 1.698448370091641e+01 1.166509101486420e+00
49.900000 1.707933975553805e+01 1.688835562436498e+00
50.000000 1.731785857408294e+01 2.116661490101579e+00
50.100000 1.744750684228693e+01 1.102778036829118e+00
50.200000 1.761157586233264e+01 1.990030416155940e+00
50.300000 1.780251417371932e+01 1.771189478055637e+00
50.400000 1.795689940471468e+01 1.273882904379230e+00
50.500000 1.807931205257997e+01 1.389001783254675e+00
50.600000 1.824266989043964e+01 1.722365936419274e+00
50.700000 1.839991662635786e+01 1.407588460779047e+00
50.800000 1.852896929872981e+01 1.244400536771966e+00
50.900000 1.868605819916986e+01 2.061242976929861e+00
51.000000 1.889485620273415e+01 1.637683276918680e+00
51.100000 1.901208346714595e+01 1.167989947467003e+00
51.200000 1.917077147576857e+01 1.811189992260839e+00
51.300000 1.932872745612384e+01 1.271814856484855e+00
51.400000 1.944565948354470e+01 1.251010860585138e+00
51.500000 1.958664056978215e+01 1.446866370413273e+00
51.600000 1.971519128745169e+01 1.113928723079635e+00
51.700000 1.981966070306048e+01 1.059139821279244e+00
51.800000 1.994149295865835e+01 1.375272826999092e+00
51.900000 2.006176403177761e+01 8.376738262124981e-01
52.000000 2.013958549453819e+01 1.072284573083849e+00
52.100000 2.025226360988688e+01 6.943085277766716e-01
52.200000 2.028682393690804e+01 5.387421128646661e-01
52.300000 2.037739551641099e+01 8.520649224559893e-01
52.400000 2.043926536999638e+01 7.149733067611912e-01
52.500000 2.053948551991417e+01 1.054617725390935e+00
52.600000 2.062807419735987e+01 8.067855710569471e-01
52.700000 2.070157646229913e+01 5.908953546172295e-01
52.800000 2.077739603606603e+01 1.205843419229346e+00
52.900000 2.091612935666321e+01 1.111046312962507e+00
53.000000 2.099093191750827e+01 7.763985921892882e-01
53.100000 2.109806674816969e+01 1.134210707619562e+00
53.200000 2.119027715491598e+01 7.879186568831820e-01
53.300000 2.127278912922601e+01 8.644058402490966e-01
53.400000 2.135166184423348e+01 6.546266733525012e-01
53.500000 2.141095640228565e+01 6.456526143634989e-01
53.600000 2.149343978364433e+01 9.869690481608959e-01
53.700000 2.160012044830832e+01 1.096568511953764e+00
53.800000 2.169791492793895e+01 8.023440603895562e-01
53.900000 2.177436958596962e+01 8.669161058791950e-01
54.000000 2.186735897902427e+01 8.282515021134333e-01
54.100000 2.193168678489576e+01 5.918262469733246e-01
54.200000 2.201506878439029e+01 1.122047911596820e+00
54.300000 2.212807232498601e+01 9.048064712446990e-01
54.400000 2.218910004348090e+01 4.839589267791045e-01
54.500000 2.224443668082719e+01 5.878931949772674e-01
54.600000 2.229943714903097e+01 5.270677518371656e-01
54.700000 2.235859614466873e+01 7.022927754014514e-01
54.800000 2.244270465112337e+01 9.446965250133452e-01
54.900000 2.253052360548819e+01 7.330097096646124e-01
55.000000 2.260015191789572e+01 8.045658385306229e-01
55.100000 2.269430917681453e+01 9.475299280545020e-01
55.200000 2.277233805284113e+01 6.343833003250481e-01
55.300000 2.283795571573956e+01 7.820104137621566e-01
55.400000 2.294167962753841e+01 1.257742397431533e+00
55.500000 2.304901147600320e+01 6.504169300414411e-01
55.600000 2.308927196204310e+01 4.860831222154296e-01
55.700000 2.315416967249161e+01 5.578737826311535e-01
55.800000 2.319489760305609e+01 4.852100269503872e-01
55.900000 2.325994083365802e+01 6.355799272258391e-01
56.000000 2.331434624376498e+01 5.995533120771785e-01
56.100000 2.339028614718639e+01 8.201482949271952e-01
56.200000 2.346146364611282e+01 5.962965169959631e-01
56.300000 2.351725531057301e+01 5.669620713445660e-01
56.400000 2.357739721842981e+01 6.171374696762797e-01
56.500000 2.363925005228241e+01 6.260527561520295e-01
56.600000 2.370020244823231e+01 5.885559301285408e-01
56.700000 2.377361009880007e+01 9.858819402985866e-01
56.800000 2.387899736457424e+01 8.878996001782014e-01
56.900000 2.394562933096780e+01 6.343175013995115e-01
57.000000 2.402288131918989e+01 8.284446056989871e-01
57.100000 2.409765454048563e+01 6.684130066230605e-01
57.200000 2.415755630638684e+01 5.043150646441426e-01
57.300000 2.418984648887803e+01 1.470241265473344e-01
57.400000 2.422135018858258e+01 7.048133311921276e-01
57.500000 2.431017560805710e+01 7.136508259498626e-01
57.600000 2.434790385930377e+01 2.823935471287911e-01
57.700000 2.439392428437305e+01 5.653676597614155e-01
57.800000 2.444506139736374e+01 4.626305268485726e-01
57.900000 2.450025752243938e+01 6.843224554862868e-01
58.000000 2.455495842458127e+01 2.113959814612336e-01
58.100000 2.456873824950421e+01 4.338729274114144e-01
58.200000 2.464414415781198e+01 7.066562961956286e-01
58.300000 2.467121122840549e+01 -4.874297006145234e-02
58.400000 2.466993890558468e+01 1.214230793391664e-01
58.500000 2.468844852956629e+01 1.359872221966949e-01
58.600000 2.469108929805462e+01 -2.302249556568725e-02
58.700000 2.468778181855321e+01 -8.110313067554209e-02
58.800000 2.467443591662221e+01 -1.374297062167944e-01
58.900000 2.466685040910856e+01 -1.802009036144092e-02
59.000000 2.466692192937167e+01 -3.486303641146549e-03
59.100000 2.466296467553503e+01 -6.360542534214808e-02
59.200000 2.466743916106532e+01 1.970845902200029e-01
59.300000 2.467006030100921e+01 -3.984668462445189e-01
59.400000 2.460586823960438e+01 -4.950893408972750e-01
59.500000 2.460094848058379e+01 2.242703170556872e-01
59.600000 2.462144655034256e+01 1.523809190605281e-01
59.700000 2.461658849578944e+01 -3.773900035731934e-01
59.800000 2.454080319702551e+01 -1.014183993760168e+00
59.900000 2.445456748093638e+01 -5.503767799299180e-01
60.000000 2.441337778552464e+01 -5.082466272365416e-01
60.100000 2.435831900207323e+01 -3.407268113808364e-01
60.200000 2.434577087559222e+01 -1.487007377856493e-01
60.300000 2.432860420500185e+01 1.735905870780385e-02
60.400000 2.432796821941707e+01 -3.978199504749913e-01
60.500000 2.425479137323710e+01 -6.731426979395554e-01
60.600000 2.419769735165325e+01 -8.548999901664782e-01
60.700000 2.405973197593846e+01 -1.598267873096662e+00
60.800000 2.395441163738110e+01 -3.296336027113203e-01
60.900000 2.393743309065770e+01 -5.540755279051055e-01
61.000000 2.381990631857626e+01 -1.467348099071478e+00
61.100000 2.367781735917330e+01 -1.459613279488783e+00
61.200000 2.353691108449407e+01 -1.152376252875831e+00
61.300000 2.345272068311868e+01 -7.318522932476714e-01
61.400000 2.335568214779987e+01 -1.257260886103753e+00
61.500000 2.321052485835958e+01 -1.566663140480308e+00
61.600000 2.304662684035656e+01 -1.719128573772929e+00
61.700000 2.288607565319769e+01 -1.342159695960648e+00
61.800000 2.277077010537237e+01 -1.121064199737685e+00
61.900000 2.267955015484596e+01 -4.828874826148795e-01
62.000000 2.262540810657821e+01 -1.163093465360369e+00
62.100000 2.245522121724152e+01 -1.622888353799933e+00
62.200000 2.234233709915054e+01 -9.507144529995877e-01
62.300000 2.224078575854801e+01 -9.211988179559150e-01
62.400000 2.214045689557028e+01 -1.408776068160410e+00
62.500000 2.196303294478618e+01 -1.780751523846874e+00
62.600000 2.180395149391989e+01 -1.615043303990278e+00
62.700000 2.163136076493141e+01 -1.653847438252273e+00
62.800000 2.148105510466055e+01 -1.504972326770060e+00
62.900000 2.131671727408360e+01 -1.708889316530525e+00
63.000000 2.115091615375125e+01 -1.599139937167994e+00
63.100000 2.100403915984328e+01 -1.288094517396416e+00
63.200000 2.088344892655970e+01 -1.249578163242004e+00
63.300000 2.074729180481300e+01 -1.415088983949454e+00
63.400000 2.059965009306617e+01 -1.582910803257334e+00
63.500000 2.045112354363738e+01 -1.216516970018697e+00
63.600000 2.033295444708584e+01 -1.465408580105329e+00
63.700000 2.016355644089173e+01 -1.573078213609287e+00
63.800000 2.003220890164542e+01 -1.326259079320240e+00
63.900000 1.987043646629995e+01 -1.784088373783366e+00
64.000000 1.971242409294267e+01 -1.301665915600557e+00
64.100000 1.957259404982796e+01 -1.791563153307321e+00
64.200000 1.936842403892554e+01 -1.907302158673172e+00
64.300000 1.921248040260385e+01 -1.437403770197564e+00
64.400000 1.906086220307538e+01 -1.498169706272289e+00
64.500000 1.891199177257203e+01 -1.608551312958881e+00
64.600000 1.874016896263672e+01 -1.675733895649059e+00
64.700000 1.858714766865611e+01 -1.489972841287565e+00
64.800000 1.841719535814673e+01 -1.947159374884402e+00
64.900000 1.822602246992896e+01 -1.643283505351733e+00
65.000000 1.809502225358525e+01 -1.167017165521453e+00
65.100000 1.795854996461002e+01 -1.601163238002913e+00
65.200000 1.779538155295861e+01 -1.501035292363592e+00
65.300000 1.766423987371737e+01 -1.220059005353812e+00
65.400000 1.754277866916573e+01 -1.180099878518416e+00
65.500000 1.742091053632981e+01 -1.348841276167374e+00
65.600000 1.727652125424263e+01 -1.428649035451971e+00
65.700000 1.713542600745774e+01 -1.498345778912779e+00
65.800000 1.697602794272343e+01 -1.582001107728733e+00
65.900000 1.682553945558282e+01 -1.498643389851104e+00
66.000000 1.666747933210524e+01 -1.632931510930772e+00
66.100000 1.651347208227390e+01 -1.374943974062995e+00
66.200000 1.639318447921495e+01 -1.107107538968529e+00
66.300000 1.627012770338542e+01 -1.432053079635260e+00
66.400000 1.611749961134701e+01 -1.487223003152228e+00
66.500000 1.597386150409071e+01 -1.479921518009907e+00
66.600000 1.583265745330517e+01 -1.184285657066026e+00
66.700000 1.572090593413860e+01 -1.316069049303321e+00
66.800000 1.557305604192934e+01 -1.354132327292468e+00
66.900000 1.546134059887938e+01 -1.087404583140601e+00
67.000000 1.534519298001776e+01 -1.108557592079296e+00
67.100000 1.522899015553273e+01 -1.412610445844876e+00
67.200000 1.508240996189319e+01 -1.188201516991983e+00
67.300000 1.498713506262956e+01 -1.066355030031329e+00
67.400000 1.486074993264264e+01 -1.166738734017351e+00
67.500000 1.476576433126482e+01 -9.708168845208887e-01
67.600000 1.464804919580625e+01 -1.243976246230675e+00
67.700000 1.453902594381045e+01 -9.369654642996723e-01
67.800000 1.445530940565766e+01 -7.697080218619199e-01
67.900000 1.436909564790813e+01 -1.037000743429935e+00
68.000000 1.426054390658486e+01 -9.725853221487641e-01
68.100000 1.417523362068142e+01 -8.937242179047580e-01
68.200000 1.406621874042126e+01 -1.226358596801947e+00
68.300000 1.394584668148752e+01 -1.129690384971858e+00
68.400000 1.384687189976789e+01 -8.560375519355565e-01
68.500000 1.375425049758272e+01 -1.126986988405711e+00
68.600000 1.363186536478752e+01 -1.117312001726948e+00
68.700000 1.354478345879786e+01 -7.385086097003892e-01
68.800000 1.345905516481873e+01 -1.022840923223056e+00
68.900000 1.335167793962847e+01 -1.021196604785419e+00
69.000000 1.325595605866322e+01 -9.710763798386273e-01
69.100000 1.315789940857044e+01 -9.144211839909522e-01
69.200000 1.306823539793042e+01 -9.903093726753740e-01
69.300000 1.296109568442487e+01 -1.020418813034900e+00
69.400000 1.287686005914315e+01 -7.193271497114218e-01
69.500000 1.279989034615878e+01 -8.755100878703344e-01
69.600000 1.270681387310141e+01 -9.136926973375950e-01
69.700000 1.261807289074546e+01 -9.116320690944049e-01
69.800000 1.252982983199674e+01 -7.714978089065339e-01
69.900000 1.245567589206283e+01 -8.445634466924439e-01
70.000000 1.236415824810356e+01 -8.376490955865732e-01
70.100000 1.228835571958979e+01 -8.310114367629193e-01
70.200000 1.218994446619397e+01 -1.033069439206117e+00
70.300000 1.209217357515538e+01 -9.520066225154258e-01
70.400000 1.200304025316774e+01 -7.682703395742756e-01
70.500000 1.193230045367275e+01 -7.565870379047830e-01
70.600000 1.184879615220294e+01 -8.316294188405902e-01
70.700000 1.176812167748878e+01 -8.405005227162796e-01
70.800000 1.168837087795604e+01 -6.427682933750924e-01
70.900000 1.163238033582141e+01 -6.446809612390787e-01
71.000000 1.155168089380344e+01 -8.573783892257776e-01
71.100000 1.147098156125226e+01 -8.087401760068742e-01
71.200000 1.138386539977221e+01 -9.059696431005131e-01
71.300000 1.129665345660945e+01 -8.255095580467939e-01
71.400000 1.121569011450715e+01 -8.217233669735524e-01
71.500000 1.113206625371496e+01 -8.210187403804561e-01
71.600000 1.105750451992718e+01 -6.621978170357918e-01
71.700000 1.099297813121564e+01 -6.818663522785426e-01
71.800000 1.091973238957338e+01 -7.401557958836165e-01
71.900000 1.085145472780757e+01 -6.312495456066323e-01
72.000000 1.078454532558317e+01 -7.561677308705876e-01
72.100000 1.070451648874919e+01 -7.678660605056420e-01
72.200000 1.063562346467719e+01 -6.503339817457476e-01
72.300000 1.057001935363279e+01 -6.532450947280450e-01
72.400000 1.050226423231937e+01 -7.355216592262703e-01
72.500000 1.042422834601828e+01 -7.797343376311350e-01
72.600000 1.035007201771258e+01 -7.208474234726951e-01
72.700000 1.027795893084390e+01 -7.178209142930640e-01
72.800000 1.020475393682042e+01 -7.623342036918315e-01
72.900000 1.012850522092291e+01 -7.265597135981849e-01
73.000000 1.005863572345022e+01 -7.098684813118288e-01
73.100000 9.986025040387648e+00 -7.077693860487404e-01
73.200000 9.917338097702464e+00 -7.046716624402212e-01
73.300000 9.840848447620569e+00 -8.142686086335624e-01
73.400000 9.758209428422422e+00 -8.184250708276268e-01
73.500000 9.683235275052722e+00 -6.538102859456134e-01
73.600000 9.624138121435825e+00 -5.758075011393187e-01
73.700000 9.565952695306741e+00 -5.646467568105034e-01
73.800000 9.508463047185526e+00 -6.270056771579751e-01
73.900000 9.444048755399850e+00 -6.032242366274638e-01
74.000000 9.382392413460972e+00 -7.164273292386945e-01
74.100000 9.307447818074921e+00 -6.538561833367433e-01
74.200000 9.250029851971792e+00 -6.268280971756655e-01
74.300000 9.181824533142745e+00 -6.101184338229952e-01
74.400000 9.127397350681299e+00 -6.109738160893925e-01
74.500000 9.059135499602203e+00 -6.273440083410944e-01
74.600000 9.001071132860394e+00 -6.673292705032678e-01
74.700000 8.926552844441490e+00 -6.759901097748888e-01
74.800000 8.871653853547951e+00 -5.371096967066471e-01
74.900000 8.808925433486499e+00 -6.610385610690046e-01
75.000000 8.748823935361377e+00 -5.467506573679737e-01
75.100000 8.693273207601463e+00 -5.940365890228465e-01
75.200000 8.630294977996149e+00 -6.394497347302650e-01
75.300000 8.567663432601416e+00 -6.189150957416230e-01
75.400000 8.507938847904281e+00 -5.619649194417899e-01
75.500000 8.450665243074249e+00 -6.292493558559533e-01
75.600000 8.383393805719718e+00 -6.627432179835440e-01
75.700000 8.321015340590320e+00 -6.131415375474742e-01
75.800000 8.261360820693918e+00 -5.486720676422872e-01
75.900000 8.207240941476591e+00 -5.943193325259108e-01
76.000000 8.143413363638215e+00 -6.171393566609611e-01
76.100000 8.085795797959408e+00 -5.853911432585179e-01
76.200000 8.025080267041355e+00 -5.842574635619209e-01
76.300000 7.970053288865898e+00 -5.594788155858201e-01
76.400000 7.909195895873102e+00 -6.373770533146073e-01
76.500000 7.847511470845780e+00 -5.829115290991314e-01
76.600000 7.793180791503468e+00 -5.125908428229424e-01
76.700000 7.740010057977004e+00 -5.789086935610976e-01
76.800000 7.678177660647873e+00 -6.259197268580028e-01
76.900000 7.618022687601676e+00 -5.838444741704398e-01
77.000000 7.560877143855499e+00 -5.539923935956330e-01
77.100000 7.506039807350977e+00 -5.584118068877562e-01
77.200000 7.448828747911510e+00 -5.708047504888478e-01
77.300000 7.394526949792390e+00 -5.152353875036271e-01
77.400000 7.341974632805400e+00 -5.596213517662068e-01
77.500000 7.284297823684687e+00 -5.591306956148734e-01
77.600000 7.232240659549722e+00 -5.046353438056626e-01
77.700000 7.178588451278143e+00 -5.753761706009004e-01
77.800000 7.120710191261153e+00 -5.551757159373492e-01
77.900000 7.066840599996202e+00 -5.490498201198064e-01
78.000000 7.011507444983216e+00 -5.292780148903335e-01
78.100000 6.959427418429276e+00 -5.509634813881101e-01
78.200000 6.901991202764985e+00 -5.546696703701608e-01
78.300000 6.849400680285585e+00 -5.348376861424815e-01
78.400000 6.793182409204408e+00 -5.613142456737985e-01
78.500000 6.739797545721194e+00 -5.200578317610334e-01
78.600000 6.686683238243551e+00 -5.382721579389176e-01
78.700000 6.636475281028029e+00 -4.479543670086708e-01
78.800000 6.590818235538880e+00 -5.237471922073245e-01
78.900000 6.533331080175605e+00 -5.582754714826841e-01
79.000000 6.482865038209196e+00 -4.954477835355915e-01
79.100000 6.428591862765902e+00 -5.775647237706556e-01
79.200000 6.372710499342928e+00 -5.198495325096353e-01
79.300000 6.323735556719603e+00 -4.817681484165797e-01
79.400000 6.274647731696280e+00 -4.908467427598517e-01
79.500000 6.226706096231821e+00 -4.733064737589849e-01
79.600000 6.177852442537516e+00 -5.099583529396234e-01
79.700000 6.127247861368690e+00 -4.811014422352771e-01
79.800000 6.080010988667959e+00 -4.982507303596684e-01
79.900000 6.024372745735953e+00 -5.979566325064534e-01
80.000000 5.967359559422171e+00 -5.121854721756640e-01
80.100000 5.919852384024127e+00 -4.779080365460295e-01
80.200000 5.869685994173381e+00 -5.014572913279247e-01
80.300000 5.821877657628904e+00 -4.669381341129690e-01
80.400000 5.773513304259190e+00 -5.053088188110597e-01
80.500000 5.721739073502244e+00 -5.202667315773364e-01
80.600000 5.670712754584543e+00 -4.987882019695804e-01
80.700000 5.622184182041649e+00 -4.738836581763168e-01
80.800000 5.573182023494240e+00 -5.207694861499954e-01
80.900000 5.521275344161870e+00 -4.834639498501709e-01
81.000000 5.474820804988680e+00 -4.884043231286586e-01
81.100000 5.423377793047062e+00 -4.999053129799242e-01
81.200000 5.376167112207283e+00 -4.764654755310556e-01
81.300000 5.326836331771861e+00 -4.849676385246551e-01
81.400000 5.279965100276142e+00 -4.716934259333954e-01
81.500000 5.233525997180561e+00 -4.336948652162516e-01
81.600000 5.189478441390588e+00 -4.961441520888963e-01
81.700000 5.135989542426372e+00 -5.130631386772770e-01
81.800000 5.089516269684127e+00 -4.577533416666562e-01
81.900000 5.041811240024057e+00 -4.696268554980532e-01
82.000000 4.997295620725733e+00 -4.404876837569711e-01
82.100000 4.951632078494231e+00 -4.654954132447773e-01
82.200000 4.905159785692160e+00 -4.642855075739991e-01
82.300000 4.860488732510324e+00 -4.176157882176050e-01
82.400000 4.818994468360948e+00 -4.425081885331359e-01
82.500000 4.771647520331333e+00 -4.771130393613727e-01
82.600000 4.725901944004171e+00 -4.507227060829389e-01
82.700000 4.678992827981850e+00 -4.899777587290859e-01
82.800000 4.628720790728842e+00 -5.064625159912957e-01
82.900000 4.580421506578073e+00 -4.494164359199684e-01
83.000000 4.536537971370358e+00 -4.523615111986656e-01
83.100000 4.490174252853913e+00 -4.514511992560091e-01
83.200000 4.446726114072113e+00 -4.384799252410394e-01
83.300000 4.401259750591030e+00 -4.569435142292679e-01
83.400000 4.356629112876736e+00 -4.423949284009880e-01
83.500000 4.311848197947218e+00 -4.523340099451734e-01
83.600000 4.265849098482630e+00 -4.718662731411201e-01
83.700000 4.217755190580488e+00 -4.834557868773941e-01
83.800000 4.169591704377209e+00 -4.822704352430378e-01
83.900000 4.121633689579403e+00 -4.714521092634854e-01
84.000000 4.075291854900299e+00 -4.592923808179847e-01
84.100000 4.030697414662642e+00 -4.228853184962520e-01
84.200000 3.989708233979547e+00 -4.139702872832922e-01
84.300000 3.947216044913784e+00 -4.259801930111253e-01
84.400000 3.904076330068234e+00 -4.496264753283481e-01
84.500000 3.858324609428123e+00 -4.434983322521151e-01
84.600000 3.816652754792488e+00 -4.027323863880148e-01
84.700000 3.776211146995884e+00 -4.038320074947062e-01
84.800000 3.735832319256401e+00 -4.083789463589853e-01
84.900000 3.694701062187331e+00 -4.060896517614294e-01
85.000000 3.656189685644711e+00 -3.644898749275305e-01
85.100000 3.618262314106668e+00 -4.184200731097643e-01
85.200000 3.573025454419986e+00 -4.577537439281107e-01
85.300000 3.530399968786735e+00 -3.970217151424367e-01
85.400000 3.491396754503850e+00 -3.930957482718345e-01
85.500000 3.451881746397771e+00 -3.894382738064754e-01
85.600000 3.413471002014623e+00 -3.868009722125787e-01
85.700000 3.374331496494368e+00 -3.890373402703469e-01
85.800000 3.335998087953916e+00 -3.827323989014959e-01
85.900000 3.297448550501995e+00 -3.843464445293499e-01
86.000000 3.259773751591140e+00 -3.712178128595671e-01
86.100000 3.221165574462046e+00 -4.118560980118358e-01
86.200000 3.178837483684645e+00 -4.151440797372865e-01
86.300000 3.138369674354888e+00 -4.098196397769531e-01
86.400000 3.097085716530919e+00 -3.980555485636870e-01
86.500000 3.059028162428131e+00 -3.796115194452816e-01
86.600000 3.020347885247058e+00 -3.832154605420066e-01
86.700000 2.982484031203915e+00 -3.859716395679045e-01
86.800000 2.942578104345140e+00 -4.020081427201470e-01
86.900000 2.903955523383205e+00 -3.689689874651567e-01
87.000000 2.867172147744595e+00 -3.788316025496787e-01
87.100000 2.827739637358267e+00 -4.004398032739747e-01
87.200000 2.789238281568499e+00 -3.654116810871730e-01
87.300000 2.752740425604509e+00 -3.793665988797414e-01
87.400000 2.714313923135713e+00 -3.715480970261669e-01
87.500000 2.676996626661034e+00 -3.997401909738985e-01
87.600000 2.636160968146112e+00 -3.814025218508563e-01
87.700000 2.599766745050831e+00 -3.862262285271900e-01
87.800000 2.559553825969692e+00 -3.737042171942448e-01
87.900000 2.525699110366217e+00 -3.450004140125698e-01
88.000000 2.488020036792519e+00 -3.830903472843055e-01
88.100000 2.451040226109109e+00 -3.703083058757488e-01
88.200000 2.413890511389690e+00 -3.569140025018491e-01
88.300000 2.379470367749534e+00 -3.507381359992698e-01
88.400000 2.342412791499495e+00 -3.786694432841878e-01
88.500000 2.305973187525856e+00 -3.480170019980656e-01
88.600000 2.271494457804058e+00 -3.516619439341957e-01
88.700000 2.235022678524194e+00 -3.730749734385141e-01
88.800000 2.197801459877469e+00 -3.690719776424215e-01
88.900000 2.161674046893474e+00 -3.514087849839747e-01
89.000000 2.127180813597283e+00 -3.430078383823996e-01
89.100000 2.092733810813461e+00 -3.446365266058902e-01
89.200000 2.058087323239213e+00 -3.510574597047141e-01
89.300000 2.022679202195063e+00 -3.533701227200333e-01
89.400000 1.987401434801306e+00 -3.553001876322184e-01
89.500000 1.952005072528730e+00 -3.470176763039232e-01
89.600000 1.917652193635010e+00 -3.478686953252564e-01
89.700000 1.882415757287859e+00 -3.488651128371675e-01
89.800000 1.848444874784590e+00 -3.348990245058987e-01
89.900000 1.814889724959036e+00 -3.353509645300148e-01
90.000000 1.781314450167412e+00 -3.390810135327599e-01
90.100000 1.746462695511391e+00 -3.573556365914867e-01
90.200000 1.711709319491021e+00 -3.256749416763078e-01
90.300000 1.680568513003969e+00 -3.141481209475507e-01
90.400000 1.647726570065421e+00 -3.337603986284499e-01
90.500000 1.615182649400310e+00 -3.189265513024466e-01
90.600000 1.582472576479354e+00 -3.409662227610764e-01
90.700000 1.548547488844329e+00 -3.218553379811837e-01
90.800000 1.518106096046214e+00 -3.007437567193311e-01
90.900000 1.488181444454287e+00 -2.874621393223391e-01
91.000000 1.459304796068779e+00 -3.091026394235069e-01
91.100000 1.427546981271251e+00 -3.003125344039118e-01
91.200000 1.398624189900595e+00 -3.076674232473952e-01
91.300000 1.365570235232100e+00 -3.267525057792485e-01
91.400000 1.334368493435843e+00 -3.163445327104761e-01
91.500000 1.302099102707917e+00 -3.099533898060908e-01
91.600000 1.272438236804174e+00 -3.041040495572710e-01
91.700000 1.239920549993652e+00 -3.322732058162804e-01
91.800000 1.208622542888040e+00 -2.914705948526903e-01
91.900000 1.179816853317705e+00 -2.970336992402686e-01
92.000000 1.149467012282844e+00 -2.972667227372853e-01
92.100000 1.120955024976912e+00 -2.823739404238239e-01
92.200000 1.091677273636858e+00 -3.025047061774963e-01
92.300000 1.061004822704270e+00 -3.076999346693076e-01
92.400000 1.031212696152900e+00 -2.833188599466325e-01
92.500000 1.003576068025800e+00 -2.792542417115988e-01
92.600000 9.750081446470099e-01 -2.854757401708908e-01
92.700000 9.468699119018460e-01 -2.818818023775654e-01
92.800000 9.181982161865371e-01 -2.895472027532860e-01
92.900000 8.891530888884820e-01 -2.920634724447079e-01
93.000000 8.601139004918599e-01 -2.849554471745678e-01
93.100000 8.323609744734008e-01 -2.724648369103841e-01
93.200000 8.051678072046737e-01 -2.732348971285224e-01
93.300000 7.770028277758216e-01 -2.928680388175615e-01
93.400000 7.477032774204007e-01 -2.824910757808315e-01
93.500000 7.206281611931749e-01 -2.682748616371012e-01
93.600000 6.932374636376470e-01 -2.764891591920183e-01
93.700000 6.652695966292325e-01 -2.870734325477879e-01
93.800000 6.361186857594771e-01 -2.886806337581023e-01
93.900000 6.081429482371873e-01 -2.741135603920816e-01
94.000000 5.804763301056222e-01 -2.811080689623842e-01
94.100000 5.522094195793165e-01 -2.811119902673147e-01
94.200000 5.243342328450142e-01 -2.783094722406988e-01
94.300000 4.967179354462685e-01 -2.699382805368636e-01
94.400000 4.709234039043736e-01 -2.465480988311198e-01
94.500000 4.464637342031308e-01 -2.493633855638094e-01
94.600000 4.205208676951370e-01 -2.654415653523630e-01
94.700000 3.953159328978917e-01 -2.317152355200271e-01
94.800000 3.716281607410656e-01 -2.649272505198861e-01
94.900000 3.433070606684801e-01 -2.720290112058523e-01
95.000000 3.190278042566873e-01 -2.310987720923852e-01
95.100000 2.945540011180718e-01 -2.559682681566606e-01
95.200000 2.694232915316501e-01 -2.413977636339050e-01
95.300000 2.453075343914062e-01 -2.513880379449134e-01
95.400000 2.192315978057986e-01 -2.584285553078848e-01
95.500000 1.950294550401941e-01 -2.290111018138926e-01
95.600000 1.714181913115060e-01 -2.512346389317517e-01
95.700000 1.464846553927786e-01 -2.304833891869431e-01
95.800000 1.241565224613409e-01 -2.393821001070379e-01
95.900000 9.889240358239079e-02 -2.407369948136653e-01
96.000000 7.691039724422098e-02 -2.193323785477185e-01
96.100000 5.303351746136908e-02 -2.499180132195539e-01
96.200000 2.852757535406859e-02 -2.385411227558906e-01
96.300000 5.484983093255780e-03 -2.217450683365166e-01
96.400000 -1.669024541074904e-02 -2.280127159124389e-01
96.500000 -3.944763680198390e-02 -2.174757667718017e-01
96.600000 -6.071276663041206e-02 -2.212049610522734e-01
96.700000 -8.406813929810862e-02 -2.341114530432887e-01
96.800000 -1.059902628722232e-01 -2.064442605827529e-01
96.900000 -1.266962132305522e-01 -2.134655121959619e-01
97.000000 -1.483751684320581e-01 -2.136298005710652e-01
97.100000 -1.693568942493301e-01 -2.121296795039330e-01
97.200000 -1.912403228055729e-01 -2.213574235875731e-01
97.300000 -2.125929434474641e-01 -2.037215100243438e-01
97.400000 -2.328914211548815e-01 -2.084865501235529e-01
97.500000 -2.532792172764938e-01 -1.879726684139754e-01
97.600000 -2.716746263612380e-01 -1.993337211611097e-01
97.700000 -2.933015971307898e-01 -2.137906085979284e-01
97.800000 -3.123418254782802e-01 -1.733527942530583e-01
97.900000 -3.301890912272740e-01 -1.910910194158707e-01
98.000000 -3.501638085261405e-01 -2.006656862667618e-01
98.100000 -3.702096569216530e-01 -2.061161299138864e-01
98.200000 -3.910759955801661e-01 -2.023173818520975e-01
98.300000 -4.102570768686484e-01 -1.871774442602314e-01
98.400000 -4.289740509202100e-01 -1.849762761703095e-01
98.500000 -4.477357689826247e-01 -1.958707134000295e-01
98.600000 -4.674353445853746e-01 -1.873097989905466e-01
98.700000 -4.850291637198544e-01 -1.751686922994757e-01
98.800000 -5.039809860307859e-01 -2.025965664113628e-01
98.900000 -5.238965734561249e-01 -1.862910407669198e-01
99.000000 -5.413135406194888e-01 -1.709784279755893e-01
99.100000 -5.589599075416573e-01 -1.794872484659263e-01
99.200000 -5.768690209668197e-01 -1.786604567148145e-01
99.300000 -5.939699625277128e-01 -1.583491857774855e-01
99.400000 -6.093004112610181e-01 -1.580551636233382e-01
99.500000 -6.254373945276412e-01 -1.544298578275541e-01
99.600000 -6.399526049928439e-01 -1.453388116803389e-01
99.700000 -6.554471773088991e-01 -1.609944446815814e-01
99.800000 -6.713337582689854e-01 -1.551101412651277e-01
99.900000 -6.863996659771426e-01 -1.469542271528830e-01
100.000000 -7.012949971118332e-01 -1.540903371973850e-01
100.100000 -7.168379210516309e-01 -1.509707317643308e-01
100.200000 -7.311459509471658e-01 -1.386158430141470e-01
100.300000 -7.451835701284339e-01 -1.432889161333316e-01
100.400000 -7.599419400596401e-01 -1.516848643224372e-01
100.500000 -7.747900585621562e-01 -1.397438444489706e-01
100.600000 -7.877301319544864e-01 -1.237846037933769e-01
100.700000 -8.005871281316378e-01 -1.356850268076661e-01
100.800000 -8.142826619729565e-01 -1.329515130495343e-01
100.900000 -8.273441327618606e-01 -1.338740675505869e-01
101.000000 -8.409269268743369e-01 -1.312211427276198e-01
101.100000 -8.534199612788146e-01 -1.239115726974916e-01
101.200000 -8.658482293309802e-01 -1.202190468566358e-01
101.300000 -8.774690041153190e-01 -1.174120012197428e-01
101.400000 -8.897393742739292e-01 -1.250526311190011e-01
101.500000 -9.018244488012546e-01 -1.156295670303846e-01
101.600000 -9.132935321177248e-01 -1.172140070918591e-01
101.700000 -9.252806770064398e-01 -1.197665477470893e-01
101.800000 -9.372124723801110e-01 -1.202929245064845e-01
101.900000 -9.485372702546316e-01 -9.970926396758290e-02
102.000000 -9.580416850401781e-01 -1.027861411181012e-01
102.100000 -9.691670813621238e-01 -1.082928719717271e-01
102.200000 -9.791233812014544e-01 -9.821722209066847e-02
102.300000 -9.891066515037299e-01 -9.619088556403382e-02
102.400000 -9.988107704223000e-01 -1.065388448777930e-01
102.500000 -1.010018650077272e+00 -1.057239858029774e-01
102.600000 -1.019397523201433e+00 -9.013874720354803e-02
102.700000 -1.028946000706175e+00 -9.775250701418342e-02
102.800000 -1.038166027683947e+00 -8.535320397640161e-02
102.900000 -1.046386838956436e+00 -8.248150579783659e-02
103.000000 -1.054917638597936e+00 -8.689035219746200e-02
103.100000 -1.063504086303944e+00 -8.384538669192060e-02
103.200000 -1.071297182642821e+00 -7.056576795559055e-02
103.300000 -1.078296076294536e+00 -7.509773790388208e-02
103.400000 -1.085924626336260e+00 -6.959210545571692e-02
103.500000 -1.092202443045961e+00 -6.423888677897488e-02
103.600000 -1.099516545207891e+00 -7.775453417923200e-02
103.700000 -1.106426231009845e+00 -5.659027575622660e-02
103.800000 -1.111721031602792e+00 -5.876465806851983e-02
103.900000 -1.118576322380236e+00 -7.224107903306498e-02
104.000000 -1.125480827811231e+00 -6.742262413963296e-02
104.100000 -1.132273038322957e+00 -6.686764052523347e-02
104.200000 -1.138317127573010e+00 -5.267821007190693e-02
104.300000 -1.143526961852357e+00 -5.755481129730999e-02
104.400000 -1.149700522252470e+00 -5.877825049091934e-02
104.500000 -1.154497325426918e+00 -3.955853414723209e-02
104.600000 -1.158768946757586e+00 -5.078302247869848e-02
104.700000 -1.164191870714516e+00 -5.044653344169953e-02
104.800000 -1.168655201472321e+00 -4.441711339503790e-02
104.900000 -1.173500893958633e+00 -4.907250993737466e-02
105.000000 -1.177814461188537e+00 -3.697970919935673e-02
105.100000 -1.181547554070738e+00 -4.186444915624948e-02
105.200000 -1.186034773477981e+00 -4.286979934867630e-02
105.300000 -1.189719488737899e+00 -3.287250718730872e-02
105.400000 -1.192886422977871e+00 -3.001809190320520e-02
105.500000 -1.195710858488862e+00 -2.745487478385589e-02
105.600000 -1.198571757348548e+00 -2.995827279956875e-02
105.700000 -1.201478703362353e+00 -2.634819136749855e-02
105.800000 -1.203738531853952e+00 -2.038406393957315e-02
105.900000 -1.206164918049587e+00 -3.075397048215089e-02
106.000000 -1.209532388838488e+00 -3.117621721232400e-02
106.100000 -1.211763416303709e+00 -1.448658619717313e-02
106.200000 -1.213197932441362e+00 -1.795028281598532e-02
106.300000 -1.215119267707972e+00 -1.633162412467037e-02
106.400000 -1.216757164518461e+00 -2.199613469507888e-02
106.500000 -1.219139690392461e+00 -1.744910927419263e-02
106.600000 -1.220161759621319e+00 -1.040846018074082e-02
106.700000 -1.221490372542815e+00 -1.036049017819263e-02
106.800000 -1.221962894497303e+00 -3.623481733107670e-03
106.900000 -1.222566933132402e+00 -5.857624194465449e-03
107.000000 -1.222825671968283e+00 -2.466838871472143e-04
107.100000 -1.222785128943585e+00 1.461437610908112e-03
107.200000 -1.222290849515159e+00 8.709812973127451e-03
107.300000 -1.221772134014810e+00 -3.487431919211637e-03
107.400000 -1.222620095273862e+00 -5.148821214527088e-03
107.500000 -1.221831197082151e+00 1.919699705373301e-02
107.600000 -1.219851150365866e+00 1.511711748217281e-02
107.700000 -1.218808844318881e+00 9.946862208717988e-03
107.800000 -1.217570509405799e+00 1.333440160526511e-02
107.900000 -1.215808216392948e+00 2.604011539065654e-02
108.000000 -1.212573176441744e+00 3.336361815973388e-02
108.100000 -1.209149918887410e+00 3.886976171929069e-02
108.200000 -1.205667574519240e+00 2.130549209056587e-02
108.300000 -1.204105360078130e+00 2.510252162188098e-02
108.400000 -1.200099289042697e+00 4.316831158514217e-02
108.500000 -1.196918181915900e+00 2.377450251518431e-02
108.600000 -1.193879779591006e+00 4.176214325309857e-02
108.700000 -1.189556518825415e+00 3.478527506312745e-02
108.800000 -1.186507993488269e+00 3.837233963855069e-02
108.900000 -1.181551070221830e+00 5.114942420812157e-02
109.000000 -1.176730131691390e+00 5.156795632375372e-02
109.100000 -1.171420403522929e+00 4.664169574468863e-02
109.200000 -1.167162002255182e+00 4.820633532559387e-02
109.300000 -1.161751229136151e+00 5.042384614772688e-02
109.400000 -1.157400211969685e+00 4.419300245878338e-02
109.500000 -1.152554464156242e+00 4.719378719465167e-02
109.600000 -1.148158022375931e+00 4.557851941029001e-02
109.700000 -1.143172497802884e+00 5.075799395023939e-02
109.800000 -1.138221684096714e+00 5.078797702300142e-02
109.900000 -1.132668682346349e+00 5.970793492749360e-02
110.000000 -1.126584645467560e+00 6.087741993699813e-02
110.100000 -1.120329270551896e+00 6.589865700158826e-02
110.200000 -1.113629565269851e+00 6.484275554877400e-02
110.300000 -1.107398850693492e+00 6.328782183573356e-02
110.400000 -1.100329828905302e+00 7.860302138925496e-02
110.500000 -1.092363942893292e+00 7.564946665636868e-02
110.600000 -1.085275816674991e+00 7.012966180904828e-02
110.700000 -1.078003962548725e+00 7.354813808246830e-02
110.800000 -1.070744403788189e+00 7.296300414328472e-02
110.900000 -1.063023842559723e+00 8.247556522003047e-02
111.000000 -1.054545052564175e+00 8.429397891180829e-02
111.100000 -1.046159215132782e+00 8.629598076782752e-02
111.200000 -1.036986984324086e+00 9.575887866913824e-02
111.300000 -1.027654152912514e+00 8.813400940412874e-02
111.400000 -1.019033189036885e+00 8.856457095353359e-02
111.500000 -1.010071608053490e+00 8.572770593615053e-02
111.600000 -1.001940513603411e+00 8.217080509660113e-02
111.700000 -9.929494422013077e-01 9.629087380402207e-02
111.800000 -9.836727853433407e-01 8.478233019520814e-02
111.900000 -9.752587204230853e-01 9.280161696742628e-02
112.000000 -9.647683948973707e-01 1.097574663758234e-01
112.100000 -9.544915807837804e-01 9.585598936110251e-02
112.200000 -9.444424760222062e-01 1.112124101685929e-01
112.300000 -9.331494533839069e-01 1.039090845867977e-01
112.400000 -9.231173465472128e-01 1.099476572970177e-01
112.500000 -9.115252437653230e-01 1.068642622246893e-01
112.600000 -9.015362110745774e-01 1.095532478036317e-01
112.700000 -8.892602871651114e-01 1.210521232249842e-01
112.800000 -8.783110858863079e-01 1.065032991235936e-01
112.900000 -8.673479027642933e-01 1.076550290055523e-01
113.000000 -8.567184318759248e-01 1.119242123876795e-01
113.100000 -8.445493821903252e-01 1.264729170470529e-01
113.200000 -8.323714955992350e-01 1.154118872603475e-01
113.300000 -8.213704436413345e-01 1.067349495339756e-01
113.400000 -8.102809359091167e-01 1.188307701591532e-01
113.500000 -7.976403681231828e-01 1.294418692205586e-01
113.600000 -7.854620655536756e-01 1.116692559723029e-01
113.700000 -7.742887216350406e-01 1.206222805273316e-01
113.800000 -7.614373532069043e-01 1.273328214061059e-01
113.900000 -7.494505794006259e-01 1.172792136512501e-01
114.000000 -7.373479194075248e-01 1.237041070974428e-01
114.100000 -7.249212461965984e-01 1.250801490105681e-01
114.200000 -7.123776739417632e-01 1.245032462269421e-01
114.300000 -7.002809227366855e-01 1.176453312959103e-01
114.400000 -6.881031952061759e-01 1.306170939806441e-01
114.500000 -6.745242043199517e-01 1.342906016889369e-01
114.600000 -6.613166797051298e-01 1.358432136440802e-01
114.700000 -6.470927358836780e-01 1.438740521657953e-01
114.800000 -6.331106214383984e-01 1.368127118137032e-01
114.900000 -6.194738211725501e-01 1.365161842029613e-01
115.000000 -6.055120173081530e-01 1.440621364775222e-01
115.100000 -5.911952913097593e-01 1.374860286864215e-01
115.200000 -5.777821975299395e-01 1.367148723651443e-01
115.300000 -5.638140535669272e-01 1.371019619727202e-01
115.400000 -5.505138461341429e-01 1.339959604028854e-01
115.500000 -5.364873940526543e-01 1.448733898998310e-01
115.600000 -5.218462531777857e-01 1.483195671030980e-01
115.700000 -5.065766732103281e-01 1.567160854924296e-01
115.800000 -4.915861797791675e-01 1.373299895068293e-01
115.900000 -4.776860616085644e-01 1.550798172562907e-01
116.000000 -4.612876625923473e-01 1.544429841341765e-01
116.100000 -4.470813004155412e-01 1.459458940767172e-01
116.200000 -4.313417960683907e-01 1.573643450308159e-01
116.300000 -4.161564536909635e-01 1.549142732499507e-01
116.400000 -4.001203437346835e-01 1.579351985116675e-01
116.500000 -3.848595228449177e-01 1.537389847078135e-01
116.600000 -3.690370776744870e-01 1.576291890164125e-01
116.700000 -3.539265602082166e-01 1.467663645409172e-01
116.800000 -3.387309498918560e-01 1.613502564310748e-01
116.900000 -3.217971956269569e-01 1.723956261715408e-01
117.000000 -3.049599551293866e-01 1.635805458947712e-01
117.100000 -2.890870074254029e-01 1.543964680419486e-01
117.200000 -2.735335558600118e-01 1.607030673335556e-01
117.300000 -2.567515806882961e-01 1.715439207448566e-01
117.400000 -2.404160610518206e-01 1.504749740664371e-01
117.500000 -2.259719889109883e-01 1.475740162151333e-01
117.600000 -2.103245337218524e-01 1.611292788848173e-01
117.700000 -1.940936771884330e-01 1.655192723020803e-01
117.800000 -1.773936037233119e-01 1.648458457922560e-01
117.900000 -1.610093528894249e-01 1.663975705931692e-01
118.000000 -1.446959167628232e-01 1.527999810063913e-01
118.100000 -1.297941234438164e-01 1.572707392602368e-01
118.200000 -1.127458293154274e-01 1.749827947969201e-01
118.300000 -9.585968129569883e-02 1.639087707304080e-01
118.400000 -7.988139160838413e-02 1.556156344220206e-01
118.500000 -6.333111582922998e-02 1.845604670924414e-01
118.600000 -4.441863862256700e-02 1.748274178341954e-01
118.700000 -2.859454042334367e-02 1.582145790343643e-01
118.800000 -1.174202046278563e-02 1.688798494483965e-01
118.900000 4.354319031905547e-03 1.594691902407062e-01
119.000000 2.128776215925561e-02 1.790742841366656e-01
119.100000 3.911094686612897e-02 1.701770673627969e-01
119.200000 5.483116343613920e-02 1.483878118997274e-01
119.300000 7.047445592152084e-02 1.725373497921806e-01
119.400000 8.916338322686257e-02 1.922908655292763e-01
119.500000 1.076304363791582e-01 1.767966042135092e-01
119.600000 1.253457502940401e-01 1.814518307350868e-01
119.700000 1.431449014814132e-01 1.662824808273971e-01
119.800000 1.590448816577288e-01 1.631395675634352e-01
119.900000 1.763856230352269e-01 1.765083200656187e-01
120.000000 1.935960718801192e-01 1.716527430717148e-01
120.100000 2.120706074597132e-01 2.014487284392733e-01
120.200000 2.324220657633141e-01 1.922475460998769e-01
120.300000 2.503352711292138e-01 1.769474307790938e-01
120.400000 2.685291655421693e-01 1.806955925129365e-01
120.500000 2.859916488476887e-01 1.731011950349788e-01
120.600000 3.039717026756673e-01 1.862497817367611e-01
120.700000 3.222269308881090e-01 1.736455211151207e-01
120.800000 3.396741171558224e-01 1.862927938522898e-01
120.900000 3.591805874414684e-01 1.908416158195097e-01
121.000000 3.771403707369936e-01 1.770219434590150e-01
121.100000 3.957146653057941e-01 1.921381761744813e-01
121.200000 4.144520899762750e-01 1.787219191956555e-01
121.300000 4.321361009115915e-01 1.823336207913674e-01
121.400000 4.507503197365297e-01 1.822799213924780e-01
121.500000 4.686546315349374e-01 1.839081878895767e-01
121.600000 4.876804612928814e-01 1.892001207006974e-01
121.700000 5.060443342808236e-01 1.817273307126851e-01
121.800000 5.236537783914736e-01 1.640129343942885e-01
121.900000 5.394253960718387e-01 1.637453287460602e-01
122.000000 5.578484399895214e-01 2.025868936896096e-01
122.100000 5.786406882476808e-01 2.066339392338786e-01
122.200000 5.987268091909493e-01 1.966887425091854e-01
122.300000 6.181060555060909e-01 1.904657130772290e-01
122.400000 6.373221033939689e-01 1.977319400441100e-01
122.500000 6.571933840109321e-01 1.929731409569769e-01
122.600000 6.760056303261793e-01 1.911983188736180e-01
122.700000 6.962680399989980e-01 2.109829426532344e-01
122.800000 7.168438649426696e-01 1.937369119009157e-01
122.900000 7.346922178746540e-01 1.678956452243353e-01
123.000000 7.520454190414578e-01 1.854005844424129e-01
123.100000 7.708590130652264e-01 1.806552703208274e-01
123.200000 7.889141953190266e-01 1.944148248308694e-01
123.300000 8.092320352944459e-01 1.950348822709586e-01
123.400000 8.279274244962660e-01 1.958883966852615e-01
123.500000 8.489377370676794e-01 2.097095291201831e-01
123.600000 8.685583868809086e-01 1.886567624843496e-01
123.700000 8.872896152087075e-01 1.843222454228378e-01
123.800000 9.063393499806597e-01 2.044744859641954e-01
123.900000 9.268528488388686e-01 1.898469517466414e-01
124.000000 9.450674180442384e-01 1.946964107206188e-01
124.100000 9.659371272675522e-01 2.037452602265720e-01
124.200000 9.851756173728524e-01 1.961174791242560e-01
124.300000 1.005833251198204e+00 2.049245196080455e-01
124.400000 1.025100941094239e+00 1.858738092056502e-01
124.500000 1.043481632037385e+00 1.793500482512052e-01
124.600000 1.061624221087403e+00 1.916929542816591e-01
124.700000 1.081861006800839e+00 2.042642218573611e-01
124.800000 1.101160557546790e+00 1.810883897380640e-01
124.900000 1.118641563218070e+00 1.730611533792210e-01
125.000000 1.136719553761592e+00 1.910584091810246e-01
125.100000 1.156079781292307e+00 1.883197151931518e-01
125.200000 1.174032467881968e+00 1.758585753114883e-01
125.300000 1.192065690291469e+00 1.856594609266446e-01
125.400000 1.211197252234282e+00 1.956564643626671e-01
125.500000 1.229858471206995e+00 1.700915040131469e-01
125.600000 1.246413216000781e+00 1.767175520229457e-01
125.700000 1.265770011822950e+00 1.997748080045922e-01
125.800000 1.285709483535279e+00 2.058428626903358e-01
125.900000 1.307306755676417e+00 2.187483758597926e-01
126.000000 1.327577281620685e+00 1.826259376707354e-01
126.100000 1.345758141011545e+00 1.959490779953482e-01
126.200000 1.365644923059259e+00 1.811760945716365e-01
126.300000 1.382362538136443e+00 1.763694804349752e-01
126.400000 1.401919884848186e+00 1.987980252382627e-01
126.500000 1.421297969421617e+00 1.988104132075357e-01
126.600000 1.441035986491116e+00 1.807458191792007e-01
126.700000 1.458155987331744e+00 1.817265742451156e-01
126.800000 1.477545927214698e+00 1.883273085554900e-01
126.900000 1.495992779014401e+00 2.010452069441395e-01
127.000000 1.518585554290032e+00 2.334597365134192e-01
127.100000 1.539917169927790e+00 1.906992631207115e-01
127.200000 1.557091237744248e+00 1.574348430465706e-01
127.300000 1.573665109047167e+00 1.860025872769187e-01
127.400000 1.593216588685955e+00 1.871137915603548e-01
127.500000 1.610736627167523e+00 1.785138096636093e-01
127.600000 1.630010271067567e+00 1.973393198612018e-01
127.700000 1.648403096596508e+00 1.700456462390654e-01
127.800000 1.665814566933673e+00 1.890788710106855e-01
127.900000 1.685444074421887e+00 1.891208716609734e-01
128.000000 1.703676382898732e+00 1.889202322814710e-01
128.100000 1.723068248060393e+00 1.841656942654665e-01
128.200000 1.740304894288097e+00 1.733382712984852e-01
128.300000 1.757584241390751e+00 1.584862568651819e-01
128.400000 1.772456846586800e+00 1.588229822054132e-01
128.500000 1.791454518021125e+00 2.148384089200661e-01
128.600000 1.812956700637339e+00 2.056322253781361e-01
128.700000 1.832895406371560e+00 2.018286315495431e-01
128.800000 1.853228975936658e+00 1.951577333396990e-01
128.900000 1.871287395537794e+00 1.717145076411649e-01
129.000000 1.888379927910792e+00 1.689917020338327e-01
129.100000 1.904562976667749e+00 1.559830462990389e-01
129.200000 1.921875265416332e+00 2.013585689446296e-01
129.300000 1.941390217962047e+00 1.571072651661916e-01
129.400000 1.955461221893325e+00 1.686799958019557e-01
129.500000 1.975412867339775e+00 1.894075414204515e-01
129.600000 1.991978041607907e+00 1.728402353172320e-01
129.700000 2.010137755946508e+00 1.582557485003256e-01
129.800000 2.023281120369295e+00 1.380581624871097e-01
129.900000 2.040550860137722e+00 1.907937352378412e-01
130.000000 2.058279173092290e+00 1.616431331685328e-01
130.100000 2.074469224645181e+00 1.727238351878063e-01
130.200000 2.093057220487327e+00 1.900254769551563e-01
130.300000 2.110662037086890e+00 1.606318241292868e-01
130.400000 2.127667758936414e+00 1.952637586086450e-01
130.500000 2.147838176972804e+00 1.817724885458611e-01
130.600000 2.164455917609999e+00 1.780591244121996e-01
130.700000 2.183683276608502e+00 1.811302861763108e-01
130.800000 2.200434627357608e+00 1.782551263193800e-01
130.900000 2.219767942776449e+00 1.853012687844821e-01
131.000000 2.236188678612627e+00 1.588532436341129e-01
131.100000 2.253190293253372e+00 1.765448150111489e-01
131.200000 2.271526172204263e+00 1.951850959384711e-01
131.300000 2.290657772485706e+00 1.709823928749119e-01
131.400000 2.306272161570064e+00 1.611367834294709e-01
131.500000 2.323752416055555e+00 1.753492146890443e-01
131.600000 2.340776610496675e+00 1.750091006000416e-01
131.700000 2.358780552607704e+00 1.745399222872568e-01
131.800000 2.375675120187180e+00 1.753612225151804e-01
131.900000 2.394938845606374e+00 2.039638361511462e-01
132.000000 2.414660775214399e+00 1.834072292220879e-01
132.100000 2.431262159921577e+00 1.527750258724521e-01
132.200000 2.446920737661488e+00 1.684892675313463e-01
132.300000 2.464565379017406e+00 1.748834347750974e-01
132.400000 2.481488837303380e+00 1.701937892375400e-01
132.500000 2.499219526464226e+00 1.810769510596562e-01
132.600000 2.516985083243065e+00 1.740416135777465e-01
132.700000 2.534902778624415e+00 1.889102722838956e-01
132.800000 2.553736850484112e+00 1.774186468309722e-01
132.900000 2.571146154761676e+00 1.850933429737183e-01
133.000000 2.590397786372562e+00 1.845569239862279e-01
133.100000 2.608501455412252e+00 1.939660338216851e-01
133.200000 2.627811819552887e+00 1.676793521259379e-01
133.300000 2.643492033996477e+00 1.793157977828286e-01
133.400000 2.663189942806159e+00 1.781753277783176e-01
133.500000 2.678191050955653e+00 1.525110388081545e-01
133.600000 2.695276083148284e+00 1.679729224980497e-01
133.700000 2.710632103466637e+00 1.551747782650039e-01
133.800000 2.727570027682605e+00 1.753110427637099e-01
133.900000 2.745454495978598e+00 1.907150172047012e-01
134.000000 2.765830095517810e+00 2.072604473428943e-01
134.100000 2.785549871534730e+00 1.866976644615035e-01
134.200000 2.803442481044380e+00 1.740801554400520e-01
134.300000 2.822015256343518e+00 2.066142375116162e-01
134.400000 2.843971904129406e+00 2.171226772876200e-01
134.500000 2.863791252098969e+00 1.822695795788325e-01
134.600000 2.881498335494271e+00 1.756344994470136e-01
134.700000 2.899383947664315e+00 1.835571636586133e-01
134.800000 2.918335779028449e+00 1.940465626622501e-01
134.900000 2.937055603014155e+00 1.731893169617282e-01
135.000000 2.953072693103255e+00 1.564294240861654e-01
135.100000 2.970470356127522e+00 1.963497219729184e-01
135.200000 2.990367923202593e+00 1.825802007415060e-01
135.300000 3.005752357652326e+00 1.359315688846645e-01
135.400000 3.020543655418793e+00 1.685126428571821e-01
135.500000 3.037870974657283e+00 1.616498326622382e-01
135.600000 3.053280346417423e+00 1.633985936864999e-01
135.700000 3.070218536115396e+00 1.571417477417638e-01
135.800000 3.085144768157427e+00 1.624354493189617e-01
135.900000 3.102734940344302e+00 1.707188525934111e-01
136.000000 3.120492848731944e+00 2.103133727277198e-01
136.100000 3.143224806506173e+00 2.082984146777564e-01
136.200000 3.162466764408596e+00 2.134658950962829e-01
136.300000 3.186221076534804e+00 2.245894631028906e-01
136.400000 3.205161459223442e+00 1.774182675125324e-01
136.500000 3.223809189723842e+00 1.823753610103167e-01
136.600000 3.239196544690099e+00 1.263886307285305e-01
136.700000 3.252050143229301e+00 1.486534240034063e-01
136.800000 3.268563480578436e+00 1.647615145283690e-01
136.900000 3.284949148129690e+00 1.770607425472142e-01
137.000000 3.302695500801152e+00 1.552333358310796e-01
137.100000 3.317023376537632e+00 1.601432353100978e-01
137.200000 3.334611479363241e+00 1.620490395420002e-01
137.300000 3.348550802654815e+00 1.422159745883842e-01
137.400000 3.365302699486010e+00 1.822635898723359e-01
137.500000 3.383968736857466e+00 1.943521544610090e-01
137.600000 3.402442435796035e+00 1.582975965661750e-01
137.700000 3.416670819270775e+00 1.518199693956697e-01
137.800000 3.434831525275138e+00 1.971023125980056e-01
137.900000 3.451811799445319e+00 1.318300961013041e-01
138.000000 3.465361122972796e+00 1.744725151556821e-01
138.100000 3.485330198048709e+00 1.842159540492418e-01
138.200000 3.501911198180647e+00 1.836973301845155e-01
138.300000 3.521909240631372e+00 1.774106210327995e-01
138.400000 3.536652183394686e+00 1.532870529601607e-01
138.500000 3.554625250525562e+00 1.803343268879591e-01
138.600000 3.569106580131016e+00 1.157625731200709e-01
138.700000 3.582096777176931e+00 1.618087217197390e-01
138.800000 3.598307852800205e+00 1.292106532765251e-01
138.900000 3.610426419868705e+00 1.616809550507543e-01
139.000000 3.630944183363514e+00 2.023042221092577e-01
139.100000 3.648261300861555e+00 1.742529507868535e-01
139.200000 3.668593414299831e+00 2.161477071425184e-01
139.300000 3.688273882905391e+00 1.748627524648187e-01
139.400000 3.705283989315073e+00 1.782201414382047e-01
139.500000 3.724955443209538e+00 2.112359484578139e-01
139.600000 3.746292546218754e+00 2.084934819681152e-01
139.700000 3.764606068596124e+00 1.498981771332681e-01
139.800000 3.778216097149629e+00 1.436408683201365e-01
139.900000 3.794131065735278e+00 1.605478449777369e-01
140.000000 3.809233111864204e+00 1.491394858672299e-01
140.100000 3.824738327006808e+00 1.567751232871968e-01
140.200000 3.839867775686432e+00 1.489704521604909e-01
140.300000 3.857084587954437e+00 2.064436514196559e-01
140.400000 3.877755053683369e+00 1.743500939359826e-01
140.500000 3.892982681666686e+00 1.674664159708794e-01
140.600000 3.912209690975190e+00 1.884042164748556e-01
140.700000 3.930419012760284e+00 2.032007100242004e-01
140.800000 3.952451002949409e+00 2.065893529536498e-01
140.900000 3.971749917613854e+00 2.104717017601414e-01
141.000000 3.994942883330540e+00 2.233278267453314e-01
141.100000 4.014840922695262e+00 1.948559889489256e-01
141.200000 4.035232465083740e+00 1.998297708407180e-01
141.300000 4.053988341532528e+00 1.836475629084247e-01
141.400000 4.071765683664401e+00 1.616643848034920e-01
141.500000 4.087036803270482e+00 1.619601314388091e-01
141.600000 4.106113948741179e+00 2.128258309510123e-01
141.700000 4.126129967588020e+00 1.714519936775001e-01
141.800000 4.141544939481229e+00 1.586604690172710e-01
141.900000 4.159048844823285e+00 1.796619343373140e-01
142.000000 4.176954990692309e+00 1.881118007138438e-01
142.100000 4.197076285128115e+00 2.071228095963342e-01
142.200000 4.218360739147320e+00 2.240674773152915e-01
142.300000 4.240191137128212e+00 1.935602463002077e-01
142.400000 4.256835292789079e+00 1.571163480550819e-01
142.500000 4.273775596754363e+00 1.793638771540276e-01
142.600000 4.291980845063815e+00 1.834614501408069e-01
142.700000 4.309857111716650e+00 1.694759752315549e-01
142.800000 4.325857083412924e+00 1.564387929631250e-01
142.900000 4.342794433477863e+00 1.868764475915266e-01
143.000000 4.361600581016865e+00 1.760628991529984e-01
143.100000 4.379465982053974e+00 2.038268075467462e-01
143.200000 4.402482298095190e+00 2.321602515141519e-01
143.300000 4.422450329398060e+00 1.704056721509832e-01
143.400000 4.440639233804816e+00 2.154223402139948e-01
143.500000 4.464145269169360e+00 2.246836561404364e-01
143.600000 4.483623780654506e+00 1.821867724023483e-01
143.700000 4.503775871267754e+00 2.211866128860502e-01
143.800000 4.524310578557875e+00 1.664919733934014e-01
143.900000 4.537627417441245e+00 1.288588679706169e-01
144.000000 4.555107215487229e+00 2.281053097425896e-01
144.100000 4.580607048360041e+00 2.544760588101280e-01
144.200000 4.601263670419077e+00 1.493195397560310e-01
144.300000 4.613182815341579e+00 1.186725245389613e-01
144.400000 4.629135361083741e+00 2.042326698789165e-01
144.500000 4.652366774897398e+00 2.446115303108345e-01
144.600000 4.674777844568685e+00 1.936273075316697e-01
144.700000 4.692403836215515e+00 1.748998484406470e-01
144.800000 4.709862834872219e+00 1.639735339760520e-01
144.900000 4.727618708363338e+00 2.194684184707136e-01
145.000000 4.753233566260614e+00 2.607666688628458e-01
145.100000 4.777624343846704e+00 2.433303344395812e-01
145.200000 4.802969397024479e+00 2.508045947060116e-01
145.300000 4.826181121710174e+00 2.159127050027418e-01
145.400000 4.846658499798771e+00 1.954466636848435e-01
145.500000 4.867181358708993e+00 2.263005474795130e-01
145.600000 4.890136297736760e+00 2.106345725805117e-01
145.700000 4.909643725717140e+00 2.021681877939243e-01
145.800000 4.930844972996847e+00 2.029915928703652e-01
145.900000 4.951163740024856e+00 2.297754522369355e-01
146.000000 4.976777257060978e+00 2.534407772434624e-01
146.100000 4.999020533588981e+00 2.003927672674983e-01
146.200000 5.018222760600030e+00 1.828295641691082e-01
146.300000 5.036631284762494e+00 1.974020377906065e-01
146.400000 5.058647352866736e+00 2.360234331310895e-01
146.500000 5.081322114546665e+00 2.082699899866252e-01
146.600000 5.101984514086630e+00 2.256536933877267e-01
146.700000 5.127724307409099e+00 2.764050758813941e-01
146.800000 5.154011400814075e+00 2.385799192958844e-01
146.900000 5.175436285870039e+00 1.980730019602706e-01
147.000000 5.194921528795049e+00 1.944815750930631e-01
147.100000 5.215008202252530e+00 2.104366732881169e-01
147.200000 5.236448105644551e+00 2.121780008745722e-01
147.300000 5.257776224227660e+00 2.202429284986889e-01
147.400000 5.278926993230538e+00 1.883849300686693e-01
147.500000 5.297895225392524e+00 2.226887912687925e-01
147.600000 5.323813353971312e+00 2.659548994099450e-01
147.700000 5.348201774638543e+00 2.339191722495841e-01
147.800000 5.373741324153158e+00 2.807758265395961e-01
147.900000 5.400983340550315e+00 2.420378143849731e-01
148.000000 5.424848162159474e+00 2.704822617743541e-01
148.100000 5.452766386404798e+00 2.405243736518834e-01
148.200000 5.474415195938943e+00 2.459945239271000e-01
148.300000 5.500526141096660e+00 2.156140134065696e-01
148.400000 5.519061863833260e+00 2.248435251396534e-01
148.500000 5.544783694186409e+00 2.113608020194628e-01
148.600000 5.557886320011836e+00 1.153203642988494e-01
148.700000 5.578419520882891e+00 2.972090065086537e-01
148.800000 5.609269037792703e+00 2.694694556197312e-01
148.900000 5.632203176336786e+00 2.306424484800771e-01
149.000000 5.657513704498834e+00 2.487546863909431e-01
149.100000 5.680416867503189e+00 2.287623856111556e-01
149.200000 5.704564270674985e+00 2.398027835234293e-01
149.300000 5.726548022270282e+00 2.110712681619189e-01
149.400000 5.753622479469065e+00 3.596027350225532e-01
149.500000 5.790730963746804e+00 3.007996427295350e-01
149.600000 5.812405794528139e+00 2.013199527316885e-01
149.700000 5.836733090015202e+00 2.530733468635029e-01
149.800000 5.858196252952989e+00 1.823344636638944e-01
149.900000 5.876085224698955e+00 1.842868980275516e-01
150.000000 5.894502416409262e+00 1.741375142177599e-01
150.100000 5.910390095680324e+00 1.516519697888157e-01
150.200000 5.927042142109037e+00 1.849089832263289e-01
150.300000 5.943741055589808e+00 1.241285567962160e-01
150.400000 5.955001768658741e+00 1.520234688506266e-01
150.500000 5.979111501045677e+00 3.115030707805309e-01
150.600000 6.009470310758148e+00 2.617509160285567e-01
150.700000 6.032588003014494e+00 2.351531857689033e-01
150.800000 6.058044568714602e+00 2.497443901829972e-01
150.900000 6.080053636746572e+00 2.037444702459386e-01
151.000000 6.103558873554537e+00 2.810252813671381e-01
151.100000 6.132021240840494e+00 2.465146289639231e-01
151.200000 6.152429980404765e+00 1.989230916006113e-01
151.300000 6.175312340517458e+00 2.461209346344160e-01
151.400000 6.200137058093356e+00 2.559850848600518e-01
151.500000 6.226550127256838e+00 2.618742623012884e-01
151.600000 6.250105326071916e+00 2.008468403566446e-01
151.700000 6.266637523607208e+00 1.429408416153293e-01
151.800000 6.285217197870870e+00 2.606359138315399e-01
151.900000 6.314829265009577e+00 2.753713693097444e-01
152.000000 6.338616640878312e+00 2.425018042164320e-01
152.100000 6.366391543359235e+00 2.883906060189454e-01
152.200000 6.393149470897381e+00 2.541864754941141e-01
152.300000 6.419606140539549e+00 2.822121470004642e-01
152.400000 6.449972149411814e+00 3.205932515012164e-01
152.500000 6.480955380754936e+00 2.808659170756869e-01
152.600000 6.504771723801412e+00 2.023620123429395e-01
152.700000 6.523557574679696e+00 1.811593678636241e-01
152.800000 6.541170063753395e+00 1.718492049035025e-01
152.900000 6.561382286404341e+00 2.536394139809568e-01
153.000000 6.588274598441919e+00 2.383217304155600e-01
153.100000 6.608355978524049e+00 2.063825275788673e-01
153.200000 6.634955579125410e+00 3.144679355703266e-01
153.300000 6.664306811181016e+00 2.392990307619716e-01
153.400000 6.684637813368943e+00 2.126510799183161e-01
153.500000 6.712199227926472e+00 3.280666313157385e-01
153.600000 6.742930100700542e+00 2.439880272857500e-01
153.700000 6.758484513778571e+00 9.071531077225936e-02
153.800000 6.768839689659671e+00 1.485453655225437e-01
153.900000 6.787440190614515e+00 1.956972586669363e-01
154.000000 6.808213461553262e+00 2.472975034151883e-01
154.100000 6.836453258547271e+00 2.866742100605184e-01
154.200000 6.865310345664830e+00 3.182279887991362e-01
154.300000 6.899550058601202e+00 3.340775348867835e-01
154.400000 6.931926417931507e+00 3.441577130917532e-01
154.500000 6.968354829663076e+00 3.452949273794870e-01
154.600000 6.995114099038696e+00 1.962521278552498e-01
154.700000 7.017037824873835e+00 2.940302606735439e-01
154.800000 7.048697275331248e+00 2.607874344514172e-01
154.900000 7.070157510791706e+00 2.474014509032720e-01
155.000000 7.098520700107986e+00 2.447257097557989e-01
155.100000 7.118887297913339e+00 2.383182706681386e-01
155.200000 7.147341511150923e+00 2.557083126112687e-01
155.300000 7.164388386017601e+00 1.342573862214778e-01
155.400000 7.186104561217274e+00 3.212956863673657e-01
155.500000 7.218089198711563e+00 2.402103383574388e-01
155.600000 7.240757013938241e+00 3.237970344392127e-01
155.700000 7.279513612374751e+00 3.219372195587589e-01
155.800000 7.303516520302025e+00 2.750683206564095e-01
155.900000 7.337956117184910e+00 3.145330438402492e-01
156.000000 7.361421759884961e+00 2.279566562814210e-01
156.100000 7.389565377257774e+00 2.954405222226684e-01
156.200000 7.415960825344776e+00 2.473249357060352e-01
156.300000 7.440813051886737e+00 2.414505627908854e-01
156.400000 7.463682551523025e+00 2.263062731543459e-01
156.500000 7.488932424719127e+00 2.836263654022835e-01
156.600000 7.515964326559935e+00 2.243223800384446e-01
156.700000 7.535971868155383e+00 2.216926695351109e-01
156.800000 7.562180070102171e+00 2.747193830239016e-01
156.900000 7.591298118068111e+00 3.357280442279156e-01
157.000000 7.625334167692914e+00 2.828767955596594e-01
157.100000 7.645319273442983e+00 1.671748280039593e-01
157.200000 7.668787594981571e+00 3.208913634179695e-01
157.300000 7.705326101244380e+00 3.608739772356491e-01
157.400000 7.732616894113107e+00 1.765745043348366e-01
157.500000 7.750522904087470e+00 2.558612108643770e-01
157.600000 7.783828819816669e+00 3.405391231840369e-01
157.700000 7.812334018404677e+00 2.636905000227054e-01
157.800000 7.846581904108368e+00 4.433065408228205e-01
157.900000 7.890957758229903e+00 3.588633764324034e-01
158.000000 7.918757426811932e+00 2.731286570549294e-01
158.100000 7.946332947253808e+00 2.117193048575308e-01
158.200000 7.963152717911936e+00 2.111875821461839e-01
158.300000 7.991028408675695e+00 2.766183560350206e-01
158.400000 8.014960612527220e+00 2.496017348007413e-01
158.500000 8.042297354331893e+00 2.531146177585191e-01
158.600000 8.064028285528151e+00 2.202918112841719e-01
158.700000 8.089836373339319e+00 2.748194073439465e-01
158.800000 8.113918036683820e+00 2.022347793249790e-01
158.900000 8.137006948379918e+00 3.034684219398369e-01
159.000000 8.170248232778905e+00 2.930140747270986e-01
159.100000 8.195741355286740e+00 2.801416841871971e-01
159.200000 8.226089906107569e+00 2.607704539834192e-01
159.300000 8.246409448057825e+00 1.997443234626277e-01
159.400000 8.266102767643739e+00 1.458728922587667e-01
159.500000 8.281236457302050e+00 2.451918338335566e-01
159.600000 8.312146129416956e+00 2.595943548199049e-01
159.700000 8.326636500241698e+00 1.084797152814465e-01
159.800000 8.348358134539888e+00 3.382292272703156e-01
159.900000 8.384271110269855e+00 3.094690331029364e-01
160.000000 8.409990706581230e+00 2.601430596390952e-01
160.100000 8.436642663358686e+00 2.254788168020423e-01
160.200000 8.458694157152044e+00 2.862624140463517e-01
160.300000 8.490119403829199e+00 2.465267055174971e-01
160.400000 8.507753677045763e+00 2.009127914781432e-01
160.500000 8.534833842598868e+00 2.765221842756600e-01
160.600000 8.559878671557613e+00 2.706673188877442e-01
160.700000 8.589526422622530e+00 2.747744583688383e-01
160.800000 8.613987313837308e+00 2.593033045847326e-01
160.900000 8.643446144832978e+00 2.940636046522944e-01
161.000000 8.668331205341325e+00 2.080127343814282e-01
161.100000 8.685119065658986e+00 1.183885252912638e-01
161.200000 8.692611097482340e+00 5.575044296509413e-02
161.300000 8.704093978904417e+00 2.067888891957410e-01
161.400000 8.731143174075898e+00 2.859003127054898e-01
161.500000 8.758381703813567e+00 2.797953448643034e-01
161.600000 8.786286076916516e+00 2.512502591963068e-01
161.700000 8.811442728914164e+00 2.996924011119346e-01
161.800000 8.845798388567641e+00 3.281744598437069e-01
161.900000 8.868435069184665e+00 1.342875808257626e-01
162.000000 8.886180039540877e+00 2.966241272101993e-01
162.100000 8.921878837010061e+00 3.051948924011265e-01
162.200000 8.940928726722092e+00 1.464896608054898e-01
162.300000 8.962807054487442e+00 2.948338880399510e-01
162.400000 8.994081007471729e+00 2.934671033941565e-01
162.500000 9.018341855478033e+00 1.961839259904461e-01
162.600000 9.033445742676205e+00 1.114696433932370e-01
162.700000 9.050193982964828e+00 2.803856062267660e-01
162.800000 9.081083495835104e+00 2.349167565713706e-01
162.900000 9.102401161311244e+00 3.141615350744389e-01
163.000000 9.137215472277004e+00 2.178744023148780e-01
163.100000 9.148407051881223e+00 1.890246145897492e-01
163.200000 9.181597390551593e+00 3.311728201935140e-01
163.300000 9.203526798692025e+00 1.822271231189836e-01
163.400000 9.224523621326243e+00 1.974551423511461e-01
163.500000 9.242584064994860e+00 2.116242764044149e-01
163.600000 9.268281732012653e+00 2.595016214939183e-01
163.700000 9.290639671345637e+00 2.043937501051465e-01
163.800000 9.310408753647071e+00 1.810289412332047e-01
163.900000 9.328954438393733e+00 2.266230729045304e-01
164.000000 9.362367997329573e+00 4.478476487574792e-01
164.100000 9.409984539218671e+00 4.345573333422701e-01
164.200000 9.443981837113181e+00 2.640402641350219e-01
164.300000 9.463534024616406e+00 1.194063942423673e-01
164.400000 9.476964173234867e+00 2.269894952639548e-01
164.500000 9.508313290778736e+00 3.254525411350437e-01
164.600000 9.539181253411867e+00 3.379246247317282e-01
164.700000 9.572100708200066e+00 2.498330386419330e-01
164.800000 9.595724225214006e+00 3.442715078656846e-01
164.900000 9.644304828464794e+00 5.195302463398628e-01
165.000000 9.684170027414240e+00 2.882092790905002e-01
165.100000 9.715289356508638e+00 3.990037576132233e-01
165.200000 9.757995956485670e+00 3.578825548895752e-01
165.300000 9.783660325623083e+00 2.285734613389430e-01
165.400000 9.810388491924652e+00 2.709421881871066e-01
165.500000 9.830816095250571e+00 1.383091306116704e-01
165.600000 9.846456862929250e+00 2.219157699689953e-01
165.700000 9.870095152533059e+00 1.846438540305861e-01
165.800000 9.890345833398522e+00 3.232351080991718e-01
165.900000 9.926861855899823e+00 2.480469406970194e-01
166.000000 9.936488224038710e+00 7.952617142522822e-02
166.100000 9.952911709691948e+00 1.844879703725866e-01
166.200000 9.970682921395507e+00 2.239111859382321e-01
166.300000 9.994956971206884e+00 1.884801670157907e-01
166.400000 1.001254351249407e+01 2.705591647925321e-01
166.500000 1.005296645294902e+01 4.526245997224541e-01
166.600000 1.009237898078054e+01 3.400038428793435e-01
166.700000 1.011816273354209e+01 1.416803118322481e-01
166.800000 1.012558692607648e+01 8.757048040779480e-02
166.900000 1.014510521763893e+01 2.904532963475290e-01
167.000000 1.017561056226821e+01 2.776917603380120e-01
167.100000 1.019796147985137e+01 1.933392811726415e-01
167.200000 1.022422624328772e+01 3.662632885388772e-01
167.300000 1.025949945185832e+01 2.338750961858329e-01
167.400000 1.027570340620914e+01 2.149855852995559e-01
167.500000 1.030149658413864e+01 1.737703258383432e-01
167.600000 1.030974174310089e+01 1.202482398853411e-01
167.700000 1.033257794086989e+01 2.542968401308805e-01
167.800000 1.035551887786279e+01 2.503362153753290e-01
167.900000 1.037786971014406e+01 1.146660699687425e-01
168.000000 1.038443869563271e+01 1.452581464302174e-01
168.100000 1.041137016814946e+01 2.918093839279647e-01
168.200000 1.043135329589447e+01 1.362142232023196e-01
168.300000 1.044569536744440e+01 1.562159762380473e-01
168.400000 1.045799057051543e+01 5.613714950763793e-02
168.500000 1.045616530981972e+01 -4.480511210576577e-02
168.600000 1.046970987231669e+01 4.148514506217493e-01
168.700000 1.052961033885514e+01 6.106172905461049e-01
168.800000 1.057160624346015e+01 2.558486349610005e-01
168.900000 1.059773432375298e+01 3.324979793076475e-01
169.000000 1.062843145884122e+01 1.762134009032073e-01
169.100000 1.064238096163014e+01 2.620419719643259e-01
169.200000 1.067724089568565e+01 2.610797222089030e-01
169.300000 1.069479360257366e+01 2.607930333834672e-01
169.400000 1.072922822977276e+01 2.449738126057435e-01
169.500000 1.073545490012386e+01 1.558988779042636e-02
169.600000 1.074590000267079e+01 1.482968196515149e-01
169.700000 1.076376905306019e+01 2.698969071008408e-01
169.800000 1.080566287173999e+01 5.235879897484921e-01
169.900000 1.084869514210286e+01 2.456558327084668e-01
170.000000 1.086102465464756e+01 1.098017420827269e-01
170.100000 1.086709483383569e+01 -1.041344009103176e-01
170.200000 1.084993076259021e+01 -3.681978503495120e-02
170.300000 1.087230806070292e+01 3.633836454548627e-01
170.400000 1.090112116636442e+01 1.912627315222188e-01
170.500000 1.091618274767241e+01 1.548947711641837e-01
170.600000 1.093850208487038e+01 3.041502712309336e-01
170.700000 1.097626433204968e+01 4.210962064492989e-01
170.800000 1.100777235901484e+01 1.324057704470301e-01
170.900000 1.100983404908923e+01 2.000066262817768e-02
171.000000 1.101155350331318e+01 -7.402027483611651e-02
171.100000 1.100623616555534e+01 1.300009986568957e-01
171.200000 1.102842872670631e+01 8.676579295248121e-02
171.300000 1.101729206785635e+01 -1.209374100833758e-01
171.400000 1.102080169638086e+01 1.021854409507501e-01
171.500000 1.102267540226003e+01 -5.241734212987481e-02
171.600000 1.102419620898112e+01 1.562599774237636e-01
171.700000 1.105311855840569e+01 3.494819405161627e-01
171.800000 1.108480248321695e+01 2.825939056748012e-01
171.900000 1.110855396445306e+01 1.734735350703129e-01
172.000000 1.111979189034713e+01 9.318697477591442e-02
172.100000 1.114299205261816e+01 4.193401288336061e-01
172.200000 1.117919595424127e+01 9.262813137974923e-02
172.300000 1.116617513270850e+01 -9.802443828688734e-02
172.400000 1.118900557768601e+01 4.913728120635090e-01
172.500000 1.123233051738721e+01 2.379832293999664e-01
172.600000 1.124375553724376e+01 1.435091929680201e-01
172.700000 1.126283968976355e+01 9.240679869451185e-02
172.800000 1.124932585982419e+01 -2.825199833281724e-01
172.900000 1.123154476803535e+01 2.332242875163271e-02
173.000000 1.125299736201181e+01 3.084801673937294e-01
173.100000 1.127328951641882e+01 5.159054456651901e-02
173.200000 1.127377699151751e+01 7.002240547335425e-02
173.300000 1.129495649034966e+01 2.910356038769804e-01
173.400000 1.131406394050368e+01 4.857710184292241e-02
173.500000 1.132211178370550e+01 2.410602667514743e-01
173.600000 1.134398413804392e+01 -2.259975920177126e-02
173.700000 1.133869617098229e+01 2.706586836080422e-01
173.800000 1.139439525242863e+01 4.470735307681482e-01
173.900000 1.139671181282059e+01 -2.052927974957539e-01
174.000000 1.138900026964290e+01 7.486118868670388e-02
174.100000 1.140011269766177e+01 8.169818639368387e-02
174.200000 1.140551814182943e+01 8.213479519276845e-02
174.300000 1.142065597474933e+01 1.874611043491079e-01
174.400000 1.143581986040706e+01 1.187188512692030e-01
174.500000 1.145912249298204e+01 4.250231733825602e-01
174.600000 1.150265853391104e+01 2.481085204532771e-01
174.700000 1.150965950600548e+01 9.301110241969468e-02
174.800000 1.153671966645134e+01 3.507244418910753e-01
174.900000 1.156633255921055e+01 2.576566275373420e-01
175.000000 1.159003996198699e+01 1.923153421873147e-01
175.100000 1.160251683914749e+01 8.563151900722321e-02
175.200000 1.162112492686348e+01 3.433741526637215e-01
175.300000 1.165645699352198e+01 2.114404056737538e-01
175.400000 1.166415857043277e+01 9.712814983794082e-02
175.500000 1.168813217855226e+01 3.038305963698589e-01
175.600000 1.170967354952463e+01 1.141455530966997e-01
175.700000 1.171878048337786e+01 1.162879963394534e-01
175.800000 1.172869113251542e+01 -3.037547730460943e-03
175.900000 1.170773713225100e+01 -3.786073139669233e-01
176.000000 1.168277175632051e+01 3.986963179262837e-02
176.100000 1.170192510185785e+01 1.117033664091460e-01
176.200000 1.170297050303985e+01 1.190978155672200e-01
176.300000 1.173635076061142e+01 4.030862772989812e-01
176.400000 1.177081477851732e+01 3.301242909835906e-01
176.500000 1.179034095516367e+01 -5.224203443811337e-02
176.600000 1.179133037172870e+01 3.838393757063834e-01
176.700000 1.184708645420339e+01 2.764139469669473e-01
176.800000 1.182615388850596e+01 -3.522877940640381e-01
176.900000 1.183218309561576e+01 4.924458231545543e-01
177.000000 1.189321546331273e+01 5.193762947487102e-01
177.100000 1.192112111225492e+01 1.103810129948348e-01
177.200000 1.193043943854413e+01 8.324042225722561e-02
177.300000 1.192232730759627e+01 -3.264291082413688e-01
177.400000 1.188477237268198e+01 -2.150505481799510e-01
177.500000 1.187861508008112e+01 -9.783113484084716e-02
177.600000 1.186595222102276e+01 6.038744411449581e-02
177.700000 1.190530735101201e+01 5.434510546189131e-01
177.800000 1.191399953681555e+01 -5.491450054814351e-01
177.900000 1.186144641205395e+01 1.029826205668050e-01
178.000000 1.193024435578717e+01 6.600446220168150e-01
178.100000 1.194720887242991e+01 -6.208485241742778e-03
178.200000 1.197840524226891e+01 5.715878945753730e-01
178.300000 1.201130689401932e+01 -1.422006868657668e-01
178.400000 1.197492681251289e+01 -2.430735582057588e-01
178.500000 1.195534021325477e+01 -4.825667639919331e-01
178.600000 1.190248090746715e+01 -6.433645305864655e-02
178.700000 1.194217457250444e+01 3.046988045908998e-01
178.800000 1.191088276316363e+01 -6.711764381245917e-01
178.900000 1.189322018642390e+01 5.907073384502803e-01
179.000000 1.198491250415208e+01 7.258084441825963e-01
179.100000 1.202387704157815e+01 3.881786480943319e-01
179.200000 1.205406546246514e+01 -1.956539858825499e-01
179.300000 1.198975516000490e+01 -5.912861928957600e-01
179.400000 1.198283584607835e+01 3.033770985929474e-01
179.500000 1.203931465492436e+01 9.929816264725106e-01
179.600000 1.219780317768411e+01 1.695317426431619e+00
179.700000 1.217167996617360e+01 -3.316526936078557e-01
179.800000 1.321522266103430e+01 -1.586883125134058e+00
179.900000 3.537272167993316e+01 1.693456897243539e+03
180.000000 3.496603737930593e+04 1.715374282273927e+06
