Timestep	Average_tilde_q6
1	0.656419
2	0.661016
3	0.656412
4	0.656265
5	0.658559
6	0.664324
7	0.656662
8	0.650428
9	0.644414
10	0.638162
11	0.650716
12	0.649121
13	0.660899
14	0.657093
15	0.645969
16	0.650717
17	0.646555
18	0.655076
19	0.650005
20	0.650888
21	0.660131
22	0.652724
23	0.651954
24	0.655918
25	0.659564
26	0.659121
27	0.653927
28	0.652658
29	0.648310
30	0.652745
31	0.649321
32	0.642626
33	0.654427
34	0.652473
35	0.652988
36	0.653275
37	0.651106
38	0.647192
39	0.645654
40	0.649680
41	0.650547
42	0.647328
43	0.649805
44	0.649349
45	0.651039
46	0.650522
47	0.651719
48	0.657321
49	0.644084
50	0.656300
51	0.658921
52	0.648224
53	0.652558
54	0.665540
55	0.650511
56	0.649190
57	0.649751
58	0.642604
59	0.654580
60	0.661090
61	0.658294
62	0.660750
63	0.660870
64	0.655942
65	0.650626
66	0.641853
67	0.642621
68	0.650952
69	0.656517
70	0.652014
71	0.656540
72	0.649478
73	0.657782
74	0.658015
75	0.651575
76	0.649716
77	0.648486
78	0.649550
79	0.657196
80	0.664091
81	0.654741
82	0.654748
83	0.661123
84	0.652748
85	0.660604
86	0.649672
87	0.648650
88	0.648253
89	0.660195
90	0.657768
91	0.645064
92	0.642759
93	0.655731
94	0.660243
95	0.650120
96	0.648631
97	0.654831
98	0.645389
99	0.646418
100	0.648411
101	0.649597
102	0.647125
103	0.656863
104	0.651489
105	0.653684
106	0.655666
107	0.662688
108	0.659784
109	0.652232
110	0.659371
111	0.655542
112	0.653927
113	0.653911
114	0.653971
115	0.656098
116	0.668131
117	0.659571
118	0.660841
119	0.658316
120	0.657442
121	0.659503
122	0.657625
123	0.654889
124	0.658914
125	0.664701
126	0.660697
127	0.671494
128	0.657923
129	0.652486
130	0.658883
131	0.661563
132	0.660762
133	0.653659
134	0.662115
135	0.661962
136	0.662077
137	0.675320
138	0.669761
139	0.662057
140	0.665324
141	0.671128
142	0.654568
143	0.666246
144	0.659359
145	0.661054
146	0.678700
147	0.666718
148	0.664053
149	0.665925
150	0.669726
151	0.665920
152	0.665448
153	0.668741
154	0.669301
155	0.667638
156	0.671899
157	0.666863
158	0.664298
159	0.660482
160	0.654287
161	0.656093
162	0.659771
163	0.671433
164	0.661658
165	0.669162
166	0.672555
167	0.665926
168	0.667476
169	0.671449
170	0.664750
171	0.672522
172	0.660882
173	0.667323
174	0.665675
175	0.657886
176	0.657339
177	0.659555
178	0.665764
179	0.663689
180	0.668824
181	0.677116
182	0.673895
183	0.660259
184	0.661501
185	0.663500
186	0.650908
187	0.668163
188	0.676390
189	0.664273
190	0.669534
191	0.660693
192	0.660838
193	0.662127
194	0.662119
195	0.676267
196	0.670257
197	0.670880
198	0.673932
199	0.660642
200	0.664433
201	0.665178
202	0.659048
203	0.658396
204	0.660248
205	0.671312
206	0.666618
207	0.660297
208	0.662244
209	0.660318
210	0.654931
211	0.662358
212	0.665895
213	0.656348
214	0.664534
215	0.666886
216	0.665166
217	0.666841
218	0.663688
219	0.661099
220	0.662846
221	0.646828
222	0.650731
223	0.664753
224	0.668131
225	0.659033
226	0.659975
227	0.671727
228	0.661910
229	0.660635
230	0.661110
231	0.655615
232	0.659619
233	0.656443
234	0.651937
235	0.660385
236	0.660299
237	0.661714
238	0.656795
239	0.667017
240	0.668718
241	0.656465
242	0.661154
243	0.673000
244	0.663832
245	0.661626
246	0.664392
247	0.662466
248	0.656311
249	0.666507
250	0.661838
251	0.660547
252	0.658071
253	0.663154
254	0.656386
255	0.655524
256	0.656813
257	0.660817
258	0.665769
259	0.669433
260	0.678759
261	0.669684
262	0.656917
263	0.667868
264	0.658690
265	0.667977
266	0.676322
267	0.664753
268	0.662126
269	0.665997
270	0.659539
271	0.652440
272	0.666205
273	0.663379
274	0.658197
275	0.664007
276	0.661060
277	0.675452
278	0.671919
279	0.669244
280	0.675141
281	0.671123
282	0.660288
283	0.667113
284	0.669392
285	0.667421
286	0.671445
287	0.666463
288	0.661364
289	0.666021
290	0.661010
291	0.669011
292	0.677014
293	0.665697
294	0.673238
295	0.670284
296	0.669441
297	0.661672
298	0.659511
299	0.662069
300	0.670857
301	0.672841
302	0.674334
303	0.680312
304	0.676061
305	0.679026
306	0.673614
307	0.662641
308	0.670151
309	0.665506
310	0.668475
311	0.677001
312	0.675687
313	0.669154
314	0.661707
315	0.657821
316	0.664435
317	0.672743
318	0.675386
319	0.671925
320	0.677566
321	0.682001
322	0.680892
323	0.677559
324	0.669615
325	0.665995
326	0.659535
327	0.670742
328	0.672116
329	0.671844
330	0.682389
331	0.675345
332	0.683707
333	0.674958
334	0.674540
335	0.669169
336	0.673842
337	0.677401
338	0.673187
339	0.675314
340	0.673380
341	0.669965
342	0.676994
343	0.674489
344	0.679147
345	0.675801
346	0.680170
347	0.672897
348	0.666604
349	0.670745
350	0.674887
351	0.679956
352	0.678756
353	0.674267
354	0.680128
355	0.676079
356	0.674056
357	0.678481
358	0.681623
359	0.685171
360	0.682155
361	0.686807
362	0.687155
363	0.668302
364	0.667915
365	0.676191
366	0.663856
367	0.672942
368	0.681445
369	0.673809
370	0.682107
371	0.682315
372	0.692301
373	0.678370
374	0.678822
375	0.684611
376	0.673722
377	0.672617
378	0.671770
379	0.672273
380	0.675553
381	0.679402
382	0.682915
383	0.664685
384	0.668861
385	0.682623
386	0.671320
387	0.674132
388	0.690468
389	0.690644
390	0.681465
391	0.683519
392	0.675542
393	0.674902
394	0.686256
395	0.693795
396	0.687135
397	0.680029
398	0.684023
399	0.676894
400	0.673829
401	0.684124
402	0.672114
403	0.666771
404	0.685824
405	0.682044
406	0.678174
407	0.686149
408	0.682764
409	0.680703
410	0.679714
411	0.689938
412	0.684691
413	0.686740
414	0.679507
415	0.685216
416	0.682942
417	0.676198
418	0.675713
419	0.694650
420	0.683568
421	0.679861
422	0.677796
423	0.680672
424	0.674768
425	0.678910
426	0.679247
427	0.682134
428	0.684056
429	0.673458
430	0.681096
431	0.685719
432	0.678005
433	0.671142
434	0.675834
435	0.669151
436	0.683115
437	0.689453
438	0.680320
439	0.682142
440	0.677268
441	0.682638
442	0.675406
443	0.681129
444	0.689827
445	0.688146
446	0.679653
447	0.676094
448	0.683777
449	0.684631
450	0.681635
451	0.679985
452	0.680684
453	0.674681
454	0.675173
455	0.679426
456	0.682232
457	0.682047
458	0.687930
459	0.679639
460	0.684334
461	0.684114
462	0.680656
463	0.686883
464	0.686886
465	0.683111
466	0.688752
467	0.682846
468	0.681078
469	0.683610
470	0.689725
471	0.691459
472	0.689479
473	0.696525
474	0.697428
475	0.694828
476	0.695655
477	0.688696
478	0.693711
479	0.692568
480	0.685178
481	0.685299
482	0.695376
483	0.697990
484	0.693872
485	0.688770
486	0.684238
487	0.686334
488	0.683222
489	0.690398
490	0.686765
491	0.680390
492	0.682025
493	0.692413
494	0.696793
495	0.690429
496	0.697753
497	0.683845
498	0.680448
499	0.690243
500	0.689854
501	0.691796
502	0.689166
503	0.685943
504	0.680849
505	0.693856
506	0.686603
507	0.677513
508	0.685180
509	0.678310
510	0.691182
511	0.695131
512	0.686217
513	0.689817
514	0.687773
515	0.691680
516	0.686874
517	0.680535
518	0.693360
519	0.687417
520	0.690168
521	0.689364
522	0.693438
523	0.695266
524	0.686529
525	0.701431
526	0.697985
527	0.692682
528	0.693201
529	0.686955
530	0.694457
531	0.694524
532	0.693971
533	0.704468
534	0.691584
535	0.689959
536	0.689040
537	0.686798
538	0.698115
539	0.699721
540	0.693672
541	0.694431
542	0.696798
543	0.688475
544	0.691118
545	0.702324
546	0.697126
547	0.690979
548	0.693482
549	0.692911
550	0.696512
551	0.693987
552	0.702017
553	0.701567
554	0.685149
555	0.692362
556	0.687230
557	0.679028
558	0.691359
559	0.692404
560	0.701351
561	0.693129
562	0.690995
563	0.700885
564	0.686465
565	0.692108
566	0.700193
567	0.692960
568	0.691049
569	0.694995
570	0.696353
571	0.695905
572	0.696038
573	0.705002
574	0.702285
575	0.694195
576	0.701883
577	0.697941
578	0.706630
579	0.699486
580	0.703998
581	0.709418
582	0.695930
583	0.689403
584	0.704103
585	0.698843
586	0.699829
587	0.695221
588	0.699170
589	0.700603
590	0.701387
591	0.710067
592	0.710148
593	0.700945
594	0.704650
595	0.700706
596	0.699577
597	0.699857
598	0.692652
599	0.711731
600	0.709704
601	0.703553
602	0.706585
603	0.700494
604	0.703128
605	0.705425
606	0.702091
607	0.695096
608	0.701021
609	0.703339
610	0.702650
611	0.710379
612	0.712656
613	0.711432
614	0.715675
615	0.703477
616	0.705311
617	0.714441
618	0.720046
619	0.712423
620	0.714302
621	0.711805
622	0.708493
623	0.714270
624	0.711159
625	0.710388
626	0.708438
627	0.704100
628	0.702937
629	0.717909
630	0.706716
631	0.703985
632	0.714025
633	0.698909
634	0.703225
635	0.708260
636	0.701871
637	0.717584
638	0.704452
639	0.700231
640	0.715529
641	0.711641
642	0.706052
643	0.715028
644	0.713998
645	0.714586
646	0.715159
647	0.718200
648	0.717992
649	0.712152
650	0.710847
651	0.714087
652	0.708462
653	0.711427
654	0.721647
655	0.721444
656	0.726426
657	0.715441
658	0.722528
659	0.717220
660	0.710249
661	0.720383
662	0.725399
663	0.731404
664	0.736099
665	0.733031
666	0.716726
667	0.725859
668	0.727975
669	0.713340
670	0.729343
671	0.727776
672	0.727258
673	0.727000
674	0.724206
675	0.730038
676	0.714442
677	0.716630
678	0.709931
679	0.720671
680	0.726026
681	0.722973
682	0.718507
683	0.723579
684	0.716014
685	0.719587
686	0.720505
687	0.721892
688	0.722496
689	0.719028
690	0.726304
691	0.723791
692	0.711513
693	0.726352
694	0.723655
695	0.712918
696	0.723034
697	0.729834
698	0.725559
699	0.729808
700	0.717010
701	0.726574
702	0.730853
703	0.716464
704	0.717606
705	0.725590
706	0.720708
707	0.718005
708	0.716330
709	0.726087
710	0.729302
711	0.719109
712	0.728685
713	0.732779
714	0.730185
715	0.728426
716	0.723272
717	0.723786
718	0.734344
719	0.730238
720	0.723917
721	0.725587
722	0.725195
723	0.725526
724	0.717261
725	0.716738
726	0.726180
727	0.723321
728	0.721516
729	0.717699
730	0.719951
731	0.718065
732	0.717610
733	0.726189
734	0.723552
735	0.716145
736	0.718747
737	0.714054
738	0.707287
739	0.721020
740	0.727186
741	0.713532
742	0.726345
743	0.738302
744	0.724849
745	0.721311
746	0.716043
747	0.717243
748	0.729028
749	0.723238
750	0.730318
751	0.737152
752	0.728596
753	0.716664
754	0.726701
755	0.718417
756	0.730313
757	0.735655
758	0.727067
759	0.735398
760	0.725784
761	0.720261
762	0.736213
763	0.732008
764	0.727553
765	0.735793
766	0.731054
767	0.730518
768	0.734409
769	0.734477
770	0.736885
771	0.732989
772	0.730735
773	0.728845
774	0.723642
775	0.733354
776	0.728439
777	0.720264
778	0.726042
779	0.727568
780	0.723625
781	0.732048
782	0.733722
783	0.731364
784	0.719150
785	0.731787
786	0.738271
787	0.735727
788	0.734103
789	0.731412
790	0.724555
791	0.724246
792	0.737120
793	0.739692
794	0.736115
795	0.740173
796	0.727617
797	0.739406
798	0.738405
799	0.727578
800	0.737886
801	0.740691
802	0.739118
803	0.736988
804	0.741826
805	0.744261
806	0.731083
807	0.730091
808	0.723825
809	0.737615
810	0.743964
811	0.734610
812	0.738345
813	0.727765
814	0.728668
815	0.745534
816	0.735323
817	0.735829
818	0.736202
819	0.736225
820	0.736370
821	0.747461
822	0.742188
823	0.731523
824	0.741816
825	0.740770
826	0.733007
827	0.743957
828	0.739422
829	0.732399
830	0.748884
831	0.748890
832	0.742252
833	0.748061
834	0.753640
835	0.743558
836	0.741632
837	0.743838
838	0.746335
839	0.747748
840	0.741072
841	0.743225
842	0.747892
843	0.745203
844	0.737984
845	0.744012
846	0.740868
847	0.740232
848	0.749319
849	0.751187
850	0.739711
851	0.738190
852	0.735246
853	0.738681
854	0.741960
855	0.743653
856	0.743520
857	0.736693
858	0.730083
859	0.734583
860	0.731596
861	0.742454
862	0.742610
863	0.730345
864	0.739942
865	0.739819
866	0.726751
867	0.737574
868	0.739249
869	0.721119
870	0.730415
871	0.734966
872	0.735927
873	0.740839
874	0.740889
875	0.739187
876	0.745241
877	0.745470
878	0.737361
879	0.725243
880	0.736523
881	0.728303
882	0.729994
883	0.737778
884	0.740232
885	0.739221
886	0.733529
887	0.741185
888	0.730434
889	0.719773
890	0.733793
891	0.728175
892	0.718889
893	0.738862
894	0.726296
895	0.729962
896	0.731402
897	0.726567
898	0.738030
899	0.727377
900	0.734200
901	0.743969
902	0.729622
903	0.721286
904	0.730780
905	0.731837
906	0.733589
907	0.738749
908	0.743653
909	0.729339
910	0.729609
911	0.728852
912	0.731798
913	0.739097
914	0.733754
915	0.732943
916	0.734711
917	0.726168
918	0.725254
919	0.728618
920	0.730267
921	0.734680
922	0.730901
923	0.733115
924	0.731753
925	0.733227
926	0.730010
927	0.726161
928	0.737284
929	0.737536
930	0.735515
931	0.740182
932	0.737116
933	0.723820
934	0.727592
935	0.732909
936	0.730947
937	0.739960
938	0.740107
939	0.738923
940	0.738449
941	0.741023
942	0.739211
943	0.733184
944	0.733966
945	0.739888
946	0.740942
947	0.740724
948	0.738193
949	0.728215
950	0.731366
951	0.729873
952	0.734811
953	0.735764
954	0.741620
955	0.743861
956	0.744884
957	0.738457
958	0.728168
959	0.734231
960	0.738304
961	0.738708
962	0.752014
963	0.741789
964	0.730763
965	0.732366
966	0.738115
967	0.742287
968	0.735450
969	0.734265
970	0.749388
971	0.732283
972	0.738285
973	0.754256
974	0.736309
975	0.745080
976	0.753510
977	0.736136
978	0.737342
979	0.742039
980	0.740310
981	0.743252
982	0.740284
983	0.740243
984	0.745951
985	0.748880
986	0.746677
987	0.744323
988	0.747212
989	0.740831
990	0.742527
991	0.748366
992	0.740699
993	0.744788
994	0.754944
995	0.734204
996	0.735049
997	0.747203
998	0.734209
999	0.741873
1000	0.750512
1001	0.740633
1002	0.747288
1003	0.747775
1004	0.733456
1005	0.730348
1006	0.735360
1007	0.734611
1008	0.738891
1009	0.747362
1010	0.741605
1011	0.750436
1012	0.745885
1013	0.734981
1014	0.736561
1015	0.734592
1016	0.744012
1017	0.737888
1018	0.740370
1019	0.741961
1020	0.738060
1021	0.738302
1022	0.741346
1023	0.740794
1024	0.745195
1025	0.741511
1026	0.735492
1027	0.743115
1028	0.729488
1029	0.730607
1030	0.742044
1031	0.737765
1032	0.734695
1033	0.737553
1034	0.744098
1035	0.740530
1036	0.744383
1037	0.743789
1038	0.743497
1039	0.742472
1040	0.739506
1041	0.746284
1042	0.747192
1043	0.744623
1044	0.741383
1045	0.744270
1046	0.746798
1047	0.741215
1048	0.735176
1049	0.736917
1050	0.726883
1051	0.738764
1052	0.747514
1053	0.741954
1054	0.736642
1055	0.735880
1056	0.729910
1057	0.732188
1058	0.743950
1059	0.746464
1060	0.736786
1061	0.742218
1062	0.746400
1063	0.741990
1064	0.736637
1065	0.733807
1066	0.741523
1067	0.742327
1068	0.742059
1069	0.744710
1070	0.746836
1071	0.746407
1072	0.748537
1073	0.751747
1074	0.739753
1075	0.742332
1076	0.740271
1077	0.731895
1078	0.740650
1079	0.729103
1080	0.733560
1081	0.746231
1082	0.738950
1083	0.744433
1084	0.738287
1085	0.728543
1086	0.738968
1087	0.738176
1088	0.739437
1089	0.741278
1090	0.739822
1091	0.742260
1092	0.743810
1093	0.721982
1094	0.731783
1095	0.743403
1096	0.740376
1097	0.746501
1098	0.740453
1099	0.742343
1100	0.742651
1101	0.735296
1102	0.734558
1103	0.735235
1104	0.737049
1105	0.740225
1106	0.745110
1107	0.731402
1108	0.735811
1109	0.745638
1110	0.735797
1111	0.738528
1112	0.739933
1113	0.736583
1114	0.739649
1115	0.747486
1116	0.736481
1117	0.737205
1118	0.734046
1119	0.733054
1120	0.739373
1121	0.741441
1122	0.741343
1123	0.745588
1124	0.750497
1125	0.737481
1126	0.735671
1127	0.740056
1128	0.737179
1129	0.743041
1130	0.745478
1131	0.749229
1132	0.752240
1133	0.741103
1134	0.731421
1135	0.735740
1136	0.742768
1137	0.739417
1138	0.736489
1139	0.754929
1140	0.735264
1141	0.734670
1142	0.734066
1143	0.729181
1144	0.741535
1145	0.743193
1146	0.741488
1147	0.746428
1148	0.746139
1149	0.742207
1150	0.734874
1151	0.726262
1152	0.723395
1153	0.736372
1154	0.735379
1155	0.737280
1156	0.731038
1157	0.739104
1158	0.737780
1159	0.736185
1160	0.735810
1161	0.731098
1162	0.725086
1163	0.721829
1164	0.727592
1165	0.727804
1166	0.734704
1167	0.741905
1168	0.735751
1169	0.735731
1170	0.739707
1171	0.732514
1172	0.728028
1173	0.738154
1174	0.740929
1175	0.733402
1176	0.740441
1177	0.745871
1178	0.735050
1179	0.739697
1180	0.747166
1181	0.740893
1182	0.735418
1183	0.728750
1184	0.735098
1185	0.742042
1186	0.737253
1187	0.739029
1188	0.746624
1189	0.732699
1190	0.735704
1191	0.742592
1192	0.730508
1193	0.744178
1194	0.748341
1195	0.740666
1196	0.750447
1197	0.741291
1198	0.738127
1199	0.734208
1200	0.738852
1201	0.741287
1202	0.745615
1203	0.740134
1204	0.739118
1205	0.739020
1206	0.735801
1207	0.732993
1208	0.734243
1209	0.738709
1210	0.735082
1211	0.731971
1212	0.738053
1213	0.737493
1214	0.730779
1215	0.732598
1216	0.730468
1217	0.729880
1218	0.741669
1219	0.740250
1220	0.729060
1221	0.742959
1222	0.736744
1223	0.725226
1224	0.739749
1225	0.745020
1226	0.736784
1227	0.743923
1228	0.753865
1229	0.745904
1230	0.744984
1231	0.747106
1232	0.735210
1233	0.725889
1234	0.737525
1235	0.743470
1236	0.726984
1237	0.727706
1238	0.744149
1239	0.738960
1240	0.738594
1241	0.745086
1242	0.738784
1243	0.738818
1244	0.737156
1245	0.736947
1246	0.741469
1247	0.738831
1248	0.742652
1249	0.745080
1250	0.737974
1251	0.731258
1252	0.739216
1253	0.747586
1254	0.734534
1255	0.735711
1256	0.742335
1257	0.734282
1258	0.736165
1259	0.742323
1260	0.733864
1261	0.729046
1262	0.735081
1263	0.738897
1264	0.728776
1265	0.738850
1266	0.753449
1267	0.733901
1268	0.734374
1269	0.737567
1270	0.736034
1271	0.727503
1272	0.736062
1273	0.728146
1274	0.734653
1275	0.749317
1276	0.741918
1277	0.736621
1278	0.735844
1279	0.730942
1280	0.739949
1281	0.740725
1282	0.738472
1283	0.747777
1284	0.735921
1285	0.720008
1286	0.730385
1287	0.738091
1288	0.724537
1289	0.732329
1290	0.736082
1291	0.731937
1292	0.742845
1293	0.744280
1294	0.744856
1295	0.741930
1296	0.734485
1297	0.739322
1298	0.729623
1299	0.743169
1300	0.749791
1301	0.736514
1302	0.747440
1303	0.750382
1304	0.737644
1305	0.731393
1306	0.735296
1307	0.731263
1308	0.732577
1309	0.745792
1310	0.751672
1311	0.742981
1312	0.744470
1313	0.739123
1314	0.738747
1315	0.739571
1316	0.740690
1317	0.749297
1318	0.743999
1319	0.750048
1320	0.754517
1321	0.745281
1322	0.736812
1323	0.746197
1324	0.738731
1325	0.739085
1326	0.746623
1327	0.748997
1328	0.746209
1329	0.755668
1330	0.747726
1331	0.740972
1332	0.745899
1333	0.746248
1334	0.754023
1335	0.749952
1336	0.745171
1337	0.755008
1338	0.744438
1339	0.743762
1340	0.743992
1341	0.738487
1342	0.744806
1343	0.743139
1344	0.746490
1345	0.743570
1346	0.747002
1347	0.745574
1348	0.735622
1349	0.750086
1350	0.754011
1351	0.736059
1352	0.745353
1353	0.750509
1354	0.755142
1355	0.750472
1356	0.742963
1357	0.739056
1358	0.746415
1359	0.744110
1360	0.747102
1361	0.758631
1362	0.752025
1363	0.747537
1364	0.732510
1365	0.725045
1366	0.731247
1367	0.733310
1368	0.740237
1369	0.740871
1370	0.747473
1371	0.742139
1372	0.746166
1373	0.743811
1374	0.737431
1375	0.743740
1376	0.744595
1377	0.738836
1378	0.745376
1379	0.746233
1380	0.739591
1381	0.740311
1382	0.739249
1383	0.741217
1384	0.742898
1385	0.744668
1386	0.748650
1387	0.748117
1388	0.735922
1389	0.740638
1390	0.744702
1391	0.744499
1392	0.739863
1393	0.744121
1394	0.742184
1395	0.739838
1396	0.740278
1397	0.744662
1398	0.747747
1399	0.741582
1400	0.746111
1401	0.748917
1402	0.738625
1403	0.739702
1404	0.747169
1405	0.739255
1406	0.749197
1407	0.755228
1408	0.750599
1409	0.744664
1410	0.743719
1411	0.747692
1412	0.743419
1413	0.748200
1414	0.751439
1415	0.745819
1416	0.730719
1417	0.746860
1418	0.743162
1419	0.742803
1420	0.745567
1421	0.744215
1422	0.751600
1423	0.745246
1424	0.738955
1425	0.743608
1426	0.744959
1427	0.748681
1428	0.739716
1429	0.739555
1430	0.738516
1431	0.738271
1432	0.745287
1433	0.746617
1434	0.742757
1435	0.745283
1436	0.740537
1437	0.743963
1438	0.739154
1439	0.745571
1440	0.748329
1441	0.744400
1442	0.759232
1443	0.748930
1444	0.736559
1445	0.737810
1446	0.743889
1447	0.743077
1448	0.748815
1449	0.748515
1450	0.737551
1451	0.749464
1452	0.742676
1453	0.739879
1454	0.737905
1455	0.742104
1456	0.738853
1457	0.744155
1458	0.751016
1459	0.746556
1460	0.750391
1461	0.755940
1462	0.744090
1463	0.732893
1464	0.743070
1465	0.742938
1466	0.748928
1467	0.755016
1468	0.743493
1469	0.744753
1470	0.747528
1471	0.754218
1472	0.748922
1473	0.743389
1474	0.747453
1475	0.750860
1476	0.737123
1477	0.741931
1478	0.746039
1479	0.739972
1480	0.737472
1481	0.742723
1482	0.756162
1483	0.750260
1484	0.741089
1485	0.743202
1486	0.747987
1487	0.743319
1488	0.744721
1489	0.751142
1490	0.756864
1491	0.739565
1492	0.742939
1493	0.747694
1494	0.741659
1495	0.749941
1496	0.754292
1497	0.753299
1498	0.746240
1499	0.746847
1500	0.736141
1501	0.734646
1502	0.737016
1503	0.739955
1504	0.745346
1505	0.744683
1506	0.740013
1507	0.742204
1508	0.743392
1509	0.748306
1510	0.747848
1511	0.743672
1512	0.746070
1513	0.742698
1514	0.741027
1515	0.743886
1516	0.741779
1517	0.745348
1518	0.742600
1519	0.749510
1520	0.751475
1521	0.753099
1522	0.748640
1523	0.742410
1524	0.746395
1525	0.744899
1526	0.736285
1527	0.753094
1528	0.750360
1529	0.744768
1530	0.740367
1531	0.746714
1532	0.747489
1533	0.746593
1534	0.752835
1535	0.754027
1536	0.754496
1537	0.756067
1538	0.759154
1539	0.749950
1540	0.747456
1541	0.752570
1542	0.745577
1543	0.753082
1544	0.760909
1545	0.760671
1546	0.763296
1547	0.753214
1548	0.757200
1549	0.753792
1550	0.746879
1551	0.752015
1552	0.742827
1553	0.746280
1554	0.759005
1555	0.754178
1556	0.752351
1557	0.753450
1558	0.752871
1559	0.748915
1560	0.751261
1561	0.766899
1562	0.762693
1563	0.751723
1564	0.753243
1565	0.746969
1566	0.749203
1567	0.748917
1568	0.751925
1569	0.759215
1570	0.753820
1571	0.750036
1572	0.742850
1573	0.740664
1574	0.758721
1575	0.757399
1576	0.750240
1577	0.762611
1578	0.760795
1579	0.754225
1580	0.755157
1581	0.747962
1582	0.751584
1583	0.756428
1584	0.753336
1585	0.755779
1586	0.754476
1587	0.753519
1588	0.744598
1589	0.741990
1590	0.751475
1591	0.746361
1592	0.746227
1593	0.755652
1594	0.756584
1595	0.755622
1596	0.753254
1597	0.755758
1598	0.746787
1599	0.745740
1600	0.752087
1601	0.751119
1602	0.756365
1603	0.745954
1604	0.746762
1605	0.746919
1606	0.737022
1607	0.744824
1608	0.759836
1609	0.754254
1610	0.751378
1611	0.752694
1612	0.743659
1613	0.746089
1614	0.748482
1615	0.746626
1616	0.755972
1617	0.747269
1618	0.742548
1619	0.745857
1620	0.743998
1621	0.751504
1622	0.759081
1623	0.750909
1624	0.747061
1625	0.734551
1626	0.740126
1627	0.740336
1628	0.751924
1629	0.757751
1630	0.746911
1631	0.752585
1632	0.748704
1633	0.734935
1634	0.746217
1635	0.751504
1636	0.752769
1637	0.755952
1638	0.746083
1639	0.744850
1640	0.746773
1641	0.741220
1642	0.752062
1643	0.754739
1644	0.748456
1645	0.754430
1646	0.746810
1647	0.737147
1648	0.737584
1649	0.752930
1650	0.748278
1651	0.744044
1652	0.752436
1653	0.753789
1654	0.745590
1655	0.753168
1656	0.741745
1657	0.740012
1658	0.755744
1659	0.752937
1660	0.757702
1661	0.751856
1662	0.748020
1663	0.753706
1664	0.745898
1665	0.746315
1666	0.747261
1667	0.756287
1668	0.753426
1669	0.739403
1670	0.740992
1671	0.753380
1672	0.754139
1673	0.756934
1674	0.753411
1675	0.751070
1676	0.749802
1677	0.746902
1678	0.752129
1679	0.753267
1680	0.744862
1681	0.753103
1682	0.756465
1683	0.760616
1684	0.754954
1685	0.741097
1686	0.733638
1687	0.741223
1688	0.748226
1689	0.744613
1690	0.753044
1691	0.759526
1692	0.747487
1693	0.750047
1694	0.753480
1695	0.747258
1696	0.751797
1697	0.757320
1698	0.749285
1699	0.752958
1700	0.750785
1701	0.746980
1702	0.748274
1703	0.737328
1704	0.748753
1705	0.762021
1706	0.751874
1707	0.751850
1708	0.756120
1709	0.754273
1710	0.746462
1711	0.758695
1712	0.759497
1713	0.744308
1714	0.745178
1715	0.748470
1716	0.736495
1717	0.738990
1718	0.743073
1719	0.744179
1720	0.753174
1721	0.756163
1722	0.749156
1723	0.750977
1724	0.740581
1725	0.739982
1726	0.741571
1727	0.758656
1728	0.763324
1729	0.750441
1730	0.750059
1731	0.753663
1732	0.751214
1733	0.738211
1734	0.749097
1735	0.746460
1736	0.740074
1737	0.747543
1738	0.749766
1739	0.758653
1740	0.756460
1741	0.759002
1742	0.749359
1743	0.743537
1744	0.750571
1745	0.750241
1746	0.752039
1747	0.754740
1748	0.754613
1749	0.751053
1750	0.748365
1751	0.753274
1752	0.751725
1753	0.751856
1754	0.763635
1755	0.753041
1756	0.747570
1757	0.750958
1758	0.749047
1759	0.747027
1760	0.747266
1761	0.761484
1762	0.746692
1763	0.752655
1764	0.748478
1765	0.744453
1766	0.756600
1767	0.746478
1768	0.747004
1769	0.754782
1770	0.748440
1771	0.756376
1772	0.755458
1773	0.755739
1774	0.754039
1775	0.743200
1776	0.750164
1777	0.744100
1778	0.749735
1779	0.765163
1780	0.754643
1781	0.742904
1782	0.761869
1783	0.750170
1784	0.750167
1785	0.760232
1786	0.746890
1787	0.749846
1788	0.760040
1789	0.748772
1790	0.745615
1791	0.745186
1792	0.737870
1793	0.742936
1794	0.749178
1795	0.759420
1796	0.754009
1797	0.745248
1798	0.740774
1799	0.736464
1800	0.741483
1801	0.732686
1802	0.740884
1803	0.746500
1804	0.739003
1805	0.751410
1806	0.739367
1807	0.741912
1808	0.743886
1809	0.742918
1810	0.750652
1811	0.748637
1812	0.739392
1813	0.740125
1814	0.746161
1815	0.743355
1816	0.743915
1817	0.744231
1818	0.735915
1819	0.737683
1820	0.741005
1821	0.741285
1822	0.743955
1823	0.745191
1824	0.741412
1825	0.734736
1826	0.739351
1827	0.753624
1828	0.749275
1829	0.738878
1830	0.743062
1831	0.737688
1832	0.744065
1833	0.756178
1834	0.753843
1835	0.747968
1836	0.749860
1837	0.743399
1838	0.740770
1839	0.735252
1840	0.741390
1841	0.750139
1842	0.748772
1843	0.749928
1844	0.743460
1845	0.747031
1846	0.751735
1847	0.747725
1848	0.747114
1849	0.751068
1850	0.753327
1851	0.750389
1852	0.741185
1853	0.740145
1854	0.743224
1855	0.746039
1856	0.751657
1857	0.754372
1858	0.749697
1859	0.753135
1860	0.747975
1861	0.748421
1862	0.742085
1863	0.744169
1864	0.751206
1865	0.744698
1866	0.749475
1867	0.742218
1868	0.736796
1869	0.748816
1870	0.750428
1871	0.746575
1872	0.749706
1873	0.745174
1874	0.734915
1875	0.742616
1876	0.734233
1877	0.749635
1878	0.758557
1879	0.746851
1880	0.743738
1881	0.744175
1882	0.734774
1883	0.741463
1884	0.744848
1885	0.742042
1886	0.748144
1887	0.755160
1888	0.747000
1889	0.736961
1890	0.744489
1891	0.744892
1892	0.740157
1893	0.744289
1894	0.741952
1895	0.745006
1896	0.747268
1897	0.743974
1898	0.747143
1899	0.747726
1900	0.747832
1901	0.744056
1902	0.744574
1903	0.743401
1904	0.747653
1905	0.748656
1906	0.743966
1907	0.745381
1908	0.745074
1909	0.730736
1910	0.743847
1911	0.757367
1912	0.751871
1913	0.744708
1914	0.742600
1915	0.738180
1916	0.739041
1917	0.738427
1918	0.744989
1919	0.748742
1920	0.745564
1921	0.741597
1922	0.743229
1923	0.741387
1924	0.739219
1925	0.750823
1926	0.753860
1927	0.744914
1928	0.752300
1929	0.737460
1930	0.740971
1931	0.747862
1932	0.746294
1933	0.752539
1934	0.745237
1935	0.733563
1936	0.738069
1937	0.745193
1938	0.751096
1939	0.749087
1940	0.747026
1941	0.742403
1942	0.734547
1943	0.736807
1944	0.738829
1945	0.743428
1946	0.748162
1947	0.747331
1948	0.737429
1949	0.740552
1950	0.743709
1951	0.738719
1952	0.757515
1953	0.751505
1954	0.743771
1955	0.749966
1956	0.746209
1957	0.741849
1958	0.748738
1959	0.746016
1960	0.755526
1961	0.753915
1962	0.732614
1963	0.740334
1964	0.747640
1965	0.737701
1966	0.747561
1967	0.747819
1968	0.741686
1969	0.742836
1970	0.739781
1971	0.742820
1972	0.744583
1973	0.743619
1974	0.746231
1975	0.737691
1976	0.746390
1977	0.736779
1978	0.737797
1979	0.755192
1980	0.745040
1981	0.744206
1982	0.741362
1983	0.735878
1984	0.747718
1985	0.747939
1986	0.748798
1987	0.744688
1988	0.741728
1989	0.746734
1990	0.741794
1991	0.741561
1992	0.749815
1993	0.742306
1994	0.752913
1995	0.751410
1996	0.738502
1997	0.752833
1998	0.748142
1999	0.736955
2000	0.745070
2001	0.738770
2002	0.737683
2003	0.741128
2004	0.736021
2005	0.741141
2006	0.742568
2007	0.751213
2008	0.753551
2009	0.749961
2010	0.744922
2011	0.746777
2012	0.748754
2013	0.745252
2014	0.755891
2015	0.745240
2016	0.741412
2017	0.757663
2018	0.737051
2019	0.737827
2020	0.752700
2021	0.743855
2022	0.749163
2023	0.756695
2024	0.741466
2025	0.742683
2026	0.735132
2027	0.743443
2028	0.752662
2029	0.749365
2030	0.756219
2031	0.748923
2032	0.745494
2033	0.747886
2034	0.743518
2035	0.740817
2036	0.741452
2037	0.749863
2038	0.744779
2039	0.750269
2040	0.752585
2041	0.755381
2042	0.754222
2043	0.742174
2044	0.746526
2045	0.747276
2046	0.745599
2047	0.754559
2048	0.740663
2049	0.752320
2050	0.765782
2051	0.755362
2052	0.758718
2053	0.752067
2054	0.741768
2055	0.736674
2056	0.741742
2057	0.739545
2058	0.752794
2059	0.750025
2060	0.747289
2061	0.744698
2062	0.743167
2063	0.746056
2064	0.747195
2065	0.748470
2066	0.746541
2067	0.744152
2068	0.753662
2069	0.751758
2070	0.742808
2071	0.753264
2072	0.745134
2073	0.732597
2074	0.727626
2075	0.743729
2076	0.754558
2077	0.747825
2078	0.749710
2079	0.753516
2080	0.745179
2081	0.743101
2082	0.747772
2083	0.746496
2084	0.756517
2085	0.750652
2086	0.751933
2087	0.751375
2088	0.734579
2089	0.748901
2090	0.746860
2091	0.745691
2092	0.750008
2093	0.749579
2094	0.746339
2095	0.745166
2096	0.741603
2097	0.750005
2098	0.742665
2099	0.734488
2100	0.741409
2101	0.747101
2102	0.735838
2103	0.740948
2104	0.743408
2105	0.748961
2106	0.747504
2107	0.750314
2108	0.743147
2109	0.744077
2110	0.747623
2111	0.741450
2112	0.746342
2113	0.755456
2114	0.744088
2115	0.736668
2116	0.750155
2117	0.740190
2118	0.743426
2119	0.755467
2120	0.735860
2121	0.735126
2122	0.737450
2123	0.731951
2124	0.742392
2125	0.742900
2126	0.736237
2127	0.753017
2128	0.750650
2129	0.744302
2130	0.750691
2131	0.749207
2132	0.748199
2133	0.741993
2134	0.747171
2135	0.749200
2136	0.729870
2137	0.736664
2138	0.751888
2139	0.748851
2140	0.753652
2141	0.748601
2142	0.740867
2143	0.747872
2144	0.744787
2145	0.746278
2146	0.744162
2147	0.741914
2148	0.753025
2149	0.739671
2150	0.733647
2151	0.748992
2152	0.744281
2153	0.753296
2154	0.751983
2155	0.751115
2156	0.740939
2157	0.732952
2158	0.739987
2159	0.740664
2160	0.748399
2161	0.756687
2162	0.749419
2163	0.754405
2164	0.754344
2165	0.741430
2166	0.743508
2167	0.741645
2168	0.739717
2169	0.749722
2170	0.755440
2171	0.745643
2172	0.737691
2173	0.736835
2174	0.740416
2175	0.743677
2176	0.745220
2177	0.745988
2178	0.745264
2179	0.747906
2180	0.742470
2181	0.736888
2182	0.738584
2183	0.751893
2184	0.749292
2185	0.753187
2186	0.755891
2187	0.743668
2188	0.746806
2189	0.743968
2190	0.747952
2191	0.752330
2192	0.750156
2193	0.749837
2194	0.746200
2195	0.748560
2196	0.747270
2197	0.748011
2198	0.761305
2199	0.761803
2200	0.748411
2201	0.744759
2202	0.747642
2203	0.743170
2204	0.750423
2205	0.757820
2206	0.758370
2207	0.756869
2208	0.745920
2209	0.748829
2210	0.748587
2211	0.749904
2212	0.751952
2213	0.754240
2214	0.748970
2215	0.750892
2216	0.754673
2217	0.745256
2218	0.749163
2219	0.752510
2220	0.757240
2221	0.757008
2222	0.737908
2223	0.747253
2224	0.755457
2225	0.750420
2226	0.750460
2227	0.750254
2228	0.750582
2229	0.741873
2230	0.732361
2231	0.734314
2232	0.746243
2233	0.754459
2234	0.742959
2235	0.739518
2236	0.744804
2237	0.742298
2238	0.738478
2239	0.748047
2240	0.744823
2241	0.742779
2242	0.745278
2243	0.733908
2244	0.745565
2245	0.750768
2246	0.745491
2247	0.749147
2248	0.746526
2249	0.735685
2250	0.745642
2251	0.749346
2252	0.748561
2253	0.753805
2254	0.740648
2255	0.746248
2256	0.747841
2257	0.745212
2258	0.753805
2259	0.748900
2260	0.746852
2261	0.749418
2262	0.742703
2263	0.741938
2264	0.745897
2265	0.751645
2266	0.750697
2267	0.753956
2268	0.747884
2269	0.747499
2270	0.743445
2271	0.744938
2272	0.745441
2273	0.742164
2274	0.741676
2275	0.745321
2276	0.745011
2277	0.741024
2278	0.747661
2279	0.747440
2280	0.731256
2281	0.742594
2282	0.749738
2283	0.747161
2284	0.752246
2285	0.749690
2286	0.749114
2287	0.740901
2288	0.753126
2289	0.757396
2290	0.745914
2291	0.739195
2292	0.736670
2293	0.735577
2294	0.742471
2295	0.764456
2296	0.765344
2297	0.751199
2298	0.746322
2299	0.759838
2300	0.751280
2301	0.749740
2302	0.753849
2303	0.754293
2304	0.747712
2305	0.752187
2306	0.748854
2307	0.745747
2308	0.756502
2309	0.754427
2310	0.757142
2311	0.755781
2312	0.744567
2313	0.744409
2314	0.745455
2315	0.750752
2316	0.752261
2317	0.759194
2318	0.750190
2319	0.747780
2320	0.747238
2321	0.742561
2322	0.749569
2323	0.748656
2324	0.751269
2325	0.756164
2326	0.750214
2327	0.751902
2328	0.751345
2329	0.753809
2330	0.754518
2331	0.749050
2332	0.748025
2333	0.752666
2334	0.757507
2335	0.758419
2336	0.754934
2337	0.744826
2338	0.751042
2339	0.743740
2340	0.745184
2341	0.750338
2342	0.739873
2343	0.748064
2344	0.757091
2345	0.749552
2346	0.756324
2347	0.747198
2348	0.746838
2349	0.753324
2350	0.748197
2351	0.749779
2352	0.751803
2353	0.749068
2354	0.743777
2355	0.742010
2356	0.744066
2357	0.746239
2358	0.746622
2359	0.751857
2360	0.733478
2361	0.737152
2362	0.743055
2363	0.740036
2364	0.752119
2365	0.744839
2366	0.747857
2367	0.745238
2368	0.734730
2369	0.743118
2370	0.747250
2371	0.739546
2372	0.747777
2373	0.750119
2374	0.746417
2375	0.749803
2376	0.751744
2377	0.747815
2378	0.748278
2379	0.751465
2380	0.756908
2381	0.742428
2382	0.752764
2383	0.754816
2384	0.740940
2385	0.747661
2386	0.746126
2387	0.742169
2388	0.749728
2389	0.748971
2390	0.746497
2391	0.749795
2392	0.752218
2393	0.761316
2394	0.756116
2395	0.750317
2396	0.745675
2397	0.742240
2398	0.745697
2399	0.748250
2400	0.749776
2401	0.750998
2402	0.739678
2403	0.745155
2404	0.735234
2405	0.733695
2406	0.750897
2407	0.747432
2408	0.752619
2409	0.749696
2410	0.747181
2411	0.742586
2412	0.739776
2413	0.750314
2414	0.759455
2415	0.740576
2416	0.739438
2417	0.753136
2418	0.746605
2419	0.749496
2420	0.755243
2421	0.746025
2422	0.744611
2423	0.744043
2424	0.741459
2425	0.753761
2426	0.756791
2427	0.749785
2428	0.761986
2429	0.766762
2430	0.747744
2431	0.753380
2432	0.750967
2433	0.740347
2434	0.750393
2435	0.747869
2436	0.747460
2437	0.760149
2438	0.756165
2439	0.748980
2440	0.746677
2441	0.738710
2442	0.746462
2443	0.746323
2444	0.752712
2445	0.752458
2446	0.744800
2447	0.745738
2448	0.735152
2449	0.742556
2450	0.753109
2451	0.751735
2452	0.747105
2453	0.748154
2454	0.747087
2455	0.745173
2456	0.742345
2457	0.744847
2458	0.742128
2459	0.749196
2460	0.758783
2461	0.756455
2462	0.746555
2463	0.750800
2464	0.749925
2465	0.740582
2466	0.747954
2467	0.744754
2468	0.748990
2469	0.758903
2470	0.751004
2471	0.750438
2472	0.752871
2473	0.748142
2474	0.744657
2475	0.748237
2476	0.741415
2477	0.751407
2478	0.757656
2479	0.750463
2480	0.746394
2481	0.748100
2482	0.741342
2483	0.747932
2484	0.749958
2485	0.749997
2486	0.751465
2487	0.750553
2488	0.755251
2489	0.745443
2490	0.736084
2491	0.745154
2492	0.735240
2493	0.740552
2494	0.749371
2495	0.750385
2496	0.759280
2497	0.743888
2498	0.754072
2499	0.751467
2500	0.737294
2501	0.756428
2502	0.750594
2503	0.738927
2504	0.756078
2505	0.751824
2506	0.752329
2507	0.741929
2508	0.740975
2509	0.750518
2510	0.740416
2511	0.745094
2512	0.751926
2513	0.751056
2514	0.753255
2515	0.759295
2516	0.744332
2517	0.738372
2518	0.744466
2519	0.748588
2520	0.745943
2521	0.745378
2522	0.749899
2523	0.747559
2524	0.743109
2525	0.742770
2526	0.735294
2527	0.741823
2528	0.745500
2529	0.753186
2530	0.747627
2531	0.746632
2532	0.738347
2533	0.739243
2534	0.741156
2535	0.747781
2536	0.742250
2537	0.739985
2538	0.748724
2539	0.751441
2540	0.742078
2541	0.740023
2542	0.750728
2543	0.751547
2544	0.753324
2545	0.761691
2546	0.750388
2547	0.759604
2548	0.750543
2549	0.740246
2550	0.749261
2551	0.747624
2552	0.757565
2553	0.751219
2554	0.747029
2555	0.753110
2556	0.743572
2557	0.749079
2558	0.746823
2559	0.740193
2560	0.744437
2561	0.747624
2562	0.745780
2563	0.739366
2564	0.736531
2565	0.742152
2566	0.747721
2567	0.745303
2568	0.750129
2569	0.748237
2570	0.748388
2571	0.743466
2572	0.741307
2573	0.747272
2574	0.740874
2575	0.750693
2576	0.753458
2577	0.746078
2578	0.751538
2579	0.742394
2580	0.735209
2581	0.748562
2582	0.755768
2583	0.760722
2584	0.754415
2585	0.748745
2586	0.749660
2587	0.747213
2588	0.745148
2589	0.746523
2590	0.746002
2591	0.743145
2592	0.741754
2593	0.748409
2594	0.759650
2595	0.750270
2596	0.746190
2597	0.743885
2598	0.741476
2599	0.748716
2600	0.758723
2601	0.751785
2602	0.752263
2603	0.753505
2604	0.744132
2605	0.748998
2606	0.753777
2607	0.757021
2608	0.749873
2609	0.747566
2610	0.749642
2611	0.740042
2612	0.753192
2613	0.747583
2614	0.746135
2615	0.751018
2616	0.755940
2617	0.751017
2618	0.745939
2619	0.747808
2620	0.763334
2621	0.748063
2622	0.744103
2623	0.744737
2624	0.748185
2625	0.754420
2626	0.756807
2627	0.759992
2628	0.746376
2629	0.742989
2630	0.749150
2631	0.741939
2632	0.747176
2633	0.746933
2634	0.752398
2635	0.749442
2636	0.752595
2637	0.745558
2638	0.733923
2639	0.745734
2640	0.748275
2641	0.748377
2642	0.757054
2643	0.755550
2644	0.741510
2645	0.742661
2646	0.739171
2647	0.748266
2648	0.753886
2649	0.747621
2650	0.745375
2651	0.749358
2652	0.745397
2653	0.733676
2654	0.744561
2655	0.739540
2656	0.728223
2657	0.755862
2658	0.755044
2659	0.742034
2660	0.746321
2661	0.747422
2662	0.751294
2663	0.751681
2664	0.751895
2665	0.747505
2666	0.737747
2667	0.740535
2668	0.755121
2669	0.746465
2670	0.755041
2671	0.745685
2672	0.740094
2673	0.741626
2674	0.736698
2675	0.737661
2676	0.751649
2677	0.751540
2678	0.750536
2679	0.747470
2680	0.745154
2681	0.752010
2682	0.747136
2683	0.745492
2684	0.760918
2685	0.760343
2686	0.750062
2687	0.743885
2688	0.749143
2689	0.751709
2690	0.749318
2691	0.753208
2692	0.751357
2693	0.753184
2694	0.751965
2695	0.750126
2696	0.752968
2697	0.752089
2698	0.752752
2699	0.743312
2700	0.749125
2701	0.751290
2702	0.745793
2703	0.744051
2704	0.757249
2705	0.751685
2706	0.738202
2707	0.748004
2708	0.748126
2709	0.735592
2710	0.758748
2711	0.753523
2712	0.747430
2713	0.763941
2714	0.750649
2715	0.749686
2716	0.751496
2717	0.749551
2718	0.753413
2719	0.754656
2720	0.754183
2721	0.754444
2722	0.749386
2723	0.745245
2724	0.742026
2725	0.737840
2726	0.745542
2727	0.741962
2728	0.752502
2729	0.749297
2730	0.743331
2731	0.739213
2732	0.744024
2733	0.750956
2734	0.749472
2735	0.745176
2736	0.751821
2737	0.746405
2738	0.752189
2739	0.757501
2740	0.749339
2741	0.747798
2742	0.745544
2743	0.745795
2744	0.745605
2745	0.754007
2746	0.760811
2747	0.747575
2748	0.741062
2749	0.743757
2750	0.749900
2751	0.746499
2752	0.749252
2753	0.745358
2754	0.738725
2755	0.736312
2756	0.735612
2757	0.742268
2758	0.747530
2759	0.754525
2760	0.746632
2761	0.750967
2762	0.749902
2763	0.747108
2764	0.747345
2765	0.747571
2766	0.749176
2767	0.754407
2768	0.748753
2769	0.737258
2770	0.735431
2771	0.731140
2772	0.735498
2773	0.736898
2774	0.741402
2775	0.743376
2776	0.747987
2777	0.735827
2778	0.738269
2779	0.733859
2780	0.738887
2781	0.743970
2782	0.734547
2783	0.741338
2784	0.738900
2785	0.736790
2786	0.735899
2787	0.741187
2788	0.738908
2789	0.743801
2790	0.742647
2791	0.738555
2792	0.735858
2793	0.735463
2794	0.730765
2795	0.742288
2796	0.743076
2797	0.737012
2798	0.747723
2799	0.742756
2800	0.729726
2801	0.732472
2802	0.736808
2803	0.741401
2804	0.741269
2805	0.737335
2806	0.742207
2807	0.744132
2808	0.738169
2809	0.737950
2810	0.734681
2811	0.732785
2812	0.737358
2813	0.745550
2814	0.743668
2815	0.743104
2816	0.743606
2817	0.741680
2818	0.741142
2819	0.751664
2820	0.747138
2821	0.745350
2822	0.757469
2823	0.745708
2824	0.741116
2825	0.745313
2826	0.742950
2827	0.748022
2828	0.743906
2829	0.750193
2830	0.752395
2831	0.749851
2832	0.745071
2833	0.750220
2834	0.741430
2835	0.745659
2836	0.747317
2837	0.744556
2838	0.740368
2839	0.740608
2840	0.744022
2841	0.745194
2842	0.748265
2843	0.735729
2844	0.742253
2845	0.744037
2846	0.747056
2847	0.754297
2848	0.756531
2849	0.745582
2850	0.736245
2851	0.741330
2852	0.745894
2853	0.739725
2854	0.745107
2855	0.746589
2856	0.742589
2857	0.741779
2858	0.753754
2859	0.751780
2860	0.736390
2861	0.733858
2862	0.735966
2863	0.742784
2864	0.742373
2865	0.740856
2866	0.747400
2867	0.750434
2868	0.753089
2869	0.751171
2870	0.742853
2871	0.745783
2872	0.740628
2873	0.742101
2874	0.744444
2875	0.741447
2876	0.750824
2877	0.746388
2878	0.744352
2879	0.752262
2880	0.752011
2881	0.747586
2882	0.751946
2883	0.743915
2884	0.744089
2885	0.750499
2886	0.745111
2887	0.746977
2888	0.746844
2889	0.748133
2890	0.742379
2891	0.740675
2892	0.747445
2893	0.753264
2894	0.748972
2895	0.741421
2896	0.744373
2897	0.753322
2898	0.740749
2899	0.739035
2900	0.754527
2901	0.737893
2902	0.746666
2903	0.751672
2904	0.746342
2905	0.744653
2906	0.737084
2907	0.742725
2908	0.742887
2909	0.743418
2910	0.742021
2911	0.743858
2912	0.748175
2913	0.740868
2914	0.749354
2915	0.743466
2916	0.737250
2917	0.742514
2918	0.744730
2919	0.743171
2920	0.748353
2921	0.736311
2922	0.735275
2923	0.744392
2924	0.736554
2925	0.745519
2926	0.749070
2927	0.744496
2928	0.738247
2929	0.739243
2930	0.750355
2931	0.758777
2932	0.754795
2933	0.743896
2934	0.745246
2935	0.744183
2936	0.741815
2937	0.750577
2938	0.750095
2939	0.747697
2940	0.749674
2941	0.744565
2942	0.753724
2943	0.741259
2944	0.736186
2945	0.743313
2946	0.738625
2947	0.739752
2948	0.741952
2949	0.752130
2950	0.750300
2951	0.747754
2952	0.752168
2953	0.749556
2954	0.737943
2955	0.738717
2956	0.739077
2957	0.742223
2958	0.748014
2959	0.749300
2960	0.745650
2961	0.749078
2962	0.735825
2963	0.741990
2964	0.746633
2965	0.738397
2966	0.750789
2967	0.742627
2968	0.742456
2969	0.752405
2970	0.747112
2971	0.740503
2972	0.740283
2973	0.733934
2974	0.741696
2975	0.746157
2976	0.747951
2977	0.743202
2978	0.739942
2979	0.750434
2980	0.746658
2981	0.743865
2982	0.749458
2983	0.738976
2984	0.743946
2985	0.734676
2986	0.730741
2987	0.747585
2988	0.745896
2989	0.743825
2990	0.747037
2991	0.752879
2992	0.753501
2993	0.746679
2994	0.753931
2995	0.746004
2996	0.739449
2997	0.746614
2998	0.745320
2999	0.749662
3000	0.747034
