[ 0.0000 ,0.0200):	293543
[ 0.0200 ,0.0400):	59272
[ 0.0400 ,0.0600):	33723
[ 0.0600 ,0.0800):	23450
[ 0.0800 ,0.1000):	18355
[ 0.1000 ,0.1200):	14826
[ 0.1200 ,0.1400):	12694
[ 0.1400 ,0.1600):	11154
[ 0.1600 ,0.1800):	10090
[ 0.1800 ,0.2000):	9071
[ 0.2000 ,0.2200):	8397
[ 0.2200 ,0.2400):	7814
[ 0.2400 ,0.2600):	7532
[ 0.2600 ,0.2800):	7135
[ 0.2800 ,0.3000):	6934
[ 0.3000 ,0.3200):	6559
[ 0.3200 ,0.3400):	6565
[ 0.3400 ,0.3600):	6390
[ 0.3600 ,0.3800):	6284
[ 0.3800 ,0.4000):	6237
[ 0.4000 ,0.4200):	6011
[ 0.4200 ,0.4400):	6140
[ 0.4400 ,0.4600):	5886
[ 0.4600 ,0.4800):	6283
[ 0.4800 ,0.5000):	6243
[ 0.5000 ,0.5200):	6129
[ 0.5200 ,0.5400):	6378
[ 0.5400 ,0.5600):	6489
[ 0.5600 ,0.5800):	6666
[ 0.5800 ,0.6000):	6806
[ 0.6000 ,0.6200):	7097
[ 0.6200 ,0.6400):	7404
[ 0.6400 ,0.6600):	7686
[ 0.6600 ,0.6800):	7989
[ 0.6800 ,0.7000):	8386
[ 0.7000 ,0.7200):	9182
[ 0.7200 ,0.7400):	9810
[ 0.7400 ,0.7600):	10351
[ 0.7600 ,0.7800):	11044
[ 0.7800 ,0.8000):	12252
[ 0.8000 ,0.8200):	13299
[ 0.8200 ,0.8400):	14801
[ 0.8400 ,0.8600):	16002
[ 0.8600 ,0.8800):	18273
[ 0.8800 ,0.9000):	20950
[ 0.9000 ,0.9200):	23807
[ 0.9200 ,0.9400):	28522
[ 0.9400 ,0.9600):	36133
[ 0.9600 ,0.9800):	54909
[ 0.9800 ,1.0000):	441351
